Date,Open,High,Low,Close,Volume,Dividends,Stock Splits
2018-10-01 00:00:00+08:00,28.452268947254527,28.452268947254527,27.091507000075197,27.215213775634766,1034829,0.0,0
2018-10-02 00:00:00+08:00,27.25645084526778,27.38015763229393,25.318398821819905,25.56580924987793,736897,0.0,0
2018-10-03 00:00:00+08:00,25.565810689507863,25.565810689507863,23.504051762934647,23.833932876586914,1972471,0.0,0
2018-10-04 00:00:00+08:00,23.504051555286757,23.54528610425504,22.67934799194336,22.67934799194336,1304929,0.0,0
2018-10-05 00:00:00+08:00,22.266994592205005,22.266994592205005,20.411411709521253,20.452646255493164,2975268,0.0,0
2018-10-08 00:00:00+08:00,20.452647270108137,20.98870583231836,20.246471384026414,20.94746971130371,887599,0.0,0
2018-10-09 00:00:00+08:00,20.700056395497484,20.906232252876947,19.421765135946636,19.463001251220703,799569,0.0,0
2018-10-11 00:00:00+08:00,17.64865524247203,17.97853634015431,17.52495002746582,17.52495002746582,1165271,0.0,0
2018-10-12 00:00:00+08:00,16.081717724418368,16.98889185936958,15.916776400610132,16.741479873657227,1764400,0.0,0
2018-10-15 00:00:00+08:00,16.329128723370744,16.659011382830432,16.28789417743683,16.494070053100586,441305,0.0,0
2018-10-16 00:00:00+08:00,15.95801251806071,17.0713625212737,15.95801251806071,16.741479873657227,515797,0.0,0
2018-10-17 00:00:00+08:00,17.27753948481616,17.27753948481616,16.659011840820312,16.659011840820312,368740,0.0,0
2018-10-18 00:00:00+08:00,16.49407019981971,16.659011531016752,16.08171844482422,16.08171844482422,298100,0.0,0
2018-10-19 00:00:00+08:00,15.834308003373302,15.834308003373302,14.473545955007495,14.67972183227539,1514744,0.0,0
2018-10-22 00:00:00+08:00,14.514782471962041,16.122953414916992,14.349841136429513,16.122953414916992,995700,0.0,0
2018-10-23 00:00:00+08:00,16.12295344417151,16.61777587866978,15.834308465961582,16.246660232543945,1154477,0.0,0
2018-10-24 00:00:00+08:00,16.122952998985898,17.11259784065644,15.83430802874601,16.782716751098633,812284,0.0,0
2018-10-25 00:00:00+08:00,16.164189615302146,16.49407071500277,15.916777610778807,15.916777610778809,691086,0.0,0
2018-10-26 00:00:00+08:00,16.370365544680535,16.370365544680535,15.092074116921244,15.339486122131348,620909,0.0,0
2018-10-29 00:00:00+08:00,15.38072007667198,15.421956195781963,14.226135482543253,14.308606147766113,1103003,0.0,0
2018-10-30 00:00:00+08:00,14.349840394541909,14.679721475554938,14.226135185786656,14.432311058044434,451914,0.0,0
2018-10-31 00:00:00+08:00,14.679720630245612,14.927132606506348,14.638486087367314,14.927132606506348,634948,0.0,0
2018-11-01 00:00:00+08:00,14.968368229989288,15.380719980528921,14.927133684134162,15.092073440551758,567968,0.0,0
2018-11-02 00:00:00+08:00,15.298250082678715,15.586896637124896,14.968368980310439,15.133310317993164,845672,0.0,0
2018-11-05 00:00:00+08:00,15.092073440551758,15.25701476996645,15.050838894696634,15.092073440551758,132495,0.0,0
2018-11-06 00:00:00+08:00,15.092073015151833,15.339485002300073,15.050838470458984,15.050838470458984,202042,0.0,0
2018-11-07 00:00:00+08:00,15.174544139234165,15.215780258178711,15.009604382447277,15.215780258178711,224249,0.0,0
2018-11-08 00:00:00+08:00,15.58689632401306,15.58689632401306,15.215780681177714,15.257015228271484,428032,0.0,0
2018-11-09 00:00:00+08:00,15.421955664682821,15.421955664682821,15.050838470458984,15.050838470458984,122312,0.0,0
2018-11-12 00:00:00+08:00,15.050839956478917,15.215781297529624,15.009605407714844,15.009605407714844,126194,0.0,0
2018-11-13 00:00:00+08:00,14.679721864869247,14.844663196248634,14.473545987143572,14.803428649902344,291807,0.0,0
2018-11-14 00:00:00+08:00,14.803428420453905,14.803428420453905,14.679721637338224,14.72095775604248,286623,0.0,0
2018-11-15 00:00:00+08:00,14.72095796010686,16.04048388998986,14.72095796010686,15.380720138549805,1022639,0.0,0
2018-11-16 00:00:00+08:00,15.380719943563777,15.669366482847224,15.257014733298613,15.421956062316895,446564,0.0,0
2018-11-19 00:00:00+08:00,15.421956790534717,15.463191338237818,15.25701545372798,15.339486122131348,140443,0.0,0
2018-11-20 00:00:00+08:00,15.215780453886554,15.257015000364367,15.009604575503252,15.174544334411621,224786,0.0,0
2018-11-21 00:00:00+08:00,15.050838470458984,15.17454367753458,14.92713326338339,15.050838470458984,128538,0.0,0
2018-11-22 00:00:00+08:00,15.092074116921244,16.08171899176733,15.092074116921244,15.339486122131348,921385,0.0,0
2018-11-23 00:00:00+08:00,15.586895890697035,15.62813200964158,15.174544139234165,15.215780258178711,216328,0.0,0
2018-11-26 00:00:00+08:00,15.298249350073606,15.50442522580504,15.133309593286718,15.215780258178711,205054,0.0,0
2018-11-27 00:00:00+08:00,15.257014926716392,15.380720138549806,15.13330971488298,15.380720138549805,361151,0.0,0
2018-11-28 00:00:00+08:00,15.339485293923959,15.545661167301976,15.298249175450106,15.504425048828125,433887,0.0,0
2018-11-29 00:00:00+08:00,15.71060065573769,17.03012653757586,15.71060065573769,16.32912826538086,2489629,0.0,0
2018-11-30 00:00:00+08:00,16.16418937485446,17.937301635742188,16.16418937485446,17.937301635742188,3395259,0.0,0
2018-12-03 00:00:00+08:00,18.968181196390884,19.174357078960348,18.01977245117077,18.225948333740234,3405016,0.0,0
2018-12-04 00:00:00+08:00,18.22594892542851,18.473359363344958,17.731126476598416,17.85483169555664,920774,0.0,0
2018-12-05 00:00:00+08:00,17.36000633239746,17.64865284350795,17.236301134206375,17.36000633239746,682686,0.0,0
2018-12-06 00:00:00+08:00,17.44247876655445,17.648654642218208,16.494070053100586,16.494070053100586,869752,0.0,0
2018-12-07 00:00:00+08:00,16.823951602087586,16.988892936352002,16.61777572075564,16.659011840820312,430133,0.0,0
2018-12-10 00:00:00+08:00,16.329128868622668,16.41159953422119,15.958013232924992,16.08171844482422,397458,0.0,0
2018-12-11 00:00:00+08:00,16.122952691038993,16.37036468322964,16.081718145505757,16.20542335510254,265876,0.0,0
2018-12-12 00:00:00+08:00,16.411598799037797,16.823950535561345,16.411598799037797,16.741479873657227,423717,0.0,0
2018-12-13 00:00:00+08:00,16.782715859936463,16.82395040406772,16.494069332026594,16.576539993286133,240172,0.0,0
2018-12-14 00:00:00+08:00,16.535304300005407,16.617774963378906,16.452835209628976,16.617774963378906,251866,0.0,0
2018-12-17 00:00:00+08:00,16.535304005395453,16.865186653011925,16.494069460941915,16.741479873657227,333035,0.0,0
2018-12-18 00:00:00+08:00,16.782716593629267,16.782716593629267,16.494070053100586,16.494070053100586,187946,0.0,0
2018-12-19 00:00:00+08:00,16.494069590484525,16.659010915588194,16.205423058051636,16.32912826538086,235828,0.0,0
2018-12-20 00:00:00+08:00,16.287892492193926,16.287892492193926,15.50442361653519,15.669364929199219,576912,0.0,0
2018-12-21 00:00:00+08:00,15.504424949002363,16.040483474731445,15.504424949002363,16.040483474731445,356398,0.0,0
2018-12-24 00:00:00+08:00,16.329128635654914,16.329128635654914,15.958013005251946,15.999247550964355,252718,0.0,0
2018-12-25 00:00:00+08:00,15.751835585531234,15.793070127198773,15.50442361653519,15.669364929199219,207402,0.0,0
2018-12-26 00:00:00+08:00,15.751835877068398,15.958011735215898,15.545660018920898,15.545660018920898,155273,0.0,0
2018-12-27 00:00:00+08:00,15.95801314944129,15.95801314944129,15.586895942687987,15.586895942687988,261627,0.0,0
2018-12-28 00:00:00+08:00,15.669367062845938,15.793072277690028,15.545661848001847,15.751837730407715,335475,0.0,0
2019-01-02 00:00:00+08:00,16.411600046828323,16.411600046828323,15.834308515601522,15.916777610778809,961920,0.0,0
2019-01-03 00:00:00+08:00,15.916775325198326,15.958011439862801,15.669364929199219,15.669364929199219,124438,0.0,0
2019-01-04 00:00:00+08:00,15.421956790534717,15.421956790534717,15.092074116921244,15.339486122131348,244520,0.0,0
2019-01-07 00:00:00+08:00,15.586895747888343,15.669366412024733,15.504425083751954,15.628131866455078,209044,0.0,0
2019-01-08 00:00:00+08:00,15.545661699181945,15.545661699181945,15.421956485522095,15.463191032409668,172171,0.0,0
2019-01-09 00:00:00+08:00,15.628131762376226,15.875542180140627,15.628131762376226,15.710600852966309,185091,0.0,0
2019-01-10 00:00:00+08:00,15.669366607855066,15.710601153940054,15.545661396603,15.586895942687988,166536,0.0,0
2019-01-11 00:00:00+08:00,15.834307938189225,15.834307938189225,15.586895942687987,15.586895942687988,173179,0.0,0
2019-01-14 00:00:00+08:00,15.628132365954224,15.669366912841795,15.421956485522095,15.463191032409668,173311,0.0,0
2019-01-15 00:00:00+08:00,15.46319073143592,15.586895942687987,15.421956185350933,15.586895942687988,176410,0.0,0
2019-01-16 00:00:00+08:00,15.463189361062504,15.669365219210006,15.463189361062504,15.545660018920898,132461,0.0,0
2019-01-17 00:00:00+08:00,15.586896096255956,15.875542640686035,15.504425430276344,15.875542640686035,347206,0.0,0
2019-01-18 00:00:00+08:00,15.834308320308532,16.28789463017792,15.793072200231315,15.958013534545898,432197,0.0,0
2019-01-21 00:00:00+08:00,15.999248081625973,15.999248081625973,15.834308320308532,15.958013534545898,279121,0.0,0
2019-01-22 00:00:00+08:00,15.958013306665645,16.122953065627748,15.875542640686035,15.875542640686035,200631,0.0,0
2019-01-23 00:00:00+08:00,15.834307865719536,15.875542411615804,15.751837200929906,15.793071746826172,218081,0.0,0
2019-01-24 00:00:00+08:00,15.834308094194789,15.916777187177281,15.793071974706423,15.875542640686035,133032,0.0,0
2019-01-25 00:00:00+08:00,15.834307865719536,15.91677695751207,15.751837200929906,15.793071746826172,163172,0.0,0
2019-01-28 00:00:00+08:00,15.793071746826172,15.91677695751207,15.793071746826172,15.793071746826172,156531,0.0,0
2019-01-29 00:00:00+08:00,15.71060085296631,15.793071516553468,15.586895644084109,15.710600852966309,171716,0.0,0
2019-01-30 00:00:00+08:00,15.75183707616112,15.875542285867162,15.586895747888343,15.628131866455078,365951,0.0,0
2019-02-11 00:00:00+08:00,15.669366307671268,15.834307634845585,15.586895644084109,15.710600852966309,225201,0.0,0
2019-02-12 00:00:00+08:00,15.71060161012825,15.793072277690028,15.669367062845938,15.751837730407715,228711,0.0,0
2019-02-13 00:00:00+08:00,15.834307310417127,16.246659046907187,15.834307310417127,16.164188385009766,566927,0.0,0
2019-02-14 00:00:00+08:00,16.452835959488365,16.782717055020054,16.452835959488365,16.659011840820312,1232118,0.0,0
2019-02-15 00:00:00+08:00,16.741480474698257,16.906421804428103,16.370364842301754,16.494070053100586,514858,0.0,0
2019-02-18 00:00:00+08:00,16.782716751098633,17.11259784065644,16.700246085459902,16.782716751098633,589185,0.0,0
2019-02-19 00:00:00+08:00,16.782717055020054,16.823951602087586,16.61777572075564,16.659011840820312,341929,0.0,0
2019-02-20 00:00:00+08:00,16.741481053475354,17.03012760398296,16.659011958756455,16.823951721191406,585837,0.0,0
2019-02-21 00:00:00+08:00,16.94765736017297,18.061007469694644,16.741481472224404,17.689891815185547,2012388,0.0,0
2019-02-22 00:00:00+08:00,17.73112633686787,17.937302224505867,17.442479779575233,17.566184997558594,802631,0.0,0
2019-02-25 00:00:00+08:00,17.689891788539146,17.772360885196594,17.52495044922987,17.566184997558594,509038,0.0,0
2019-02-26 00:00:00+08:00,17.8548306934181,17.896066812754515,17.442478938036633,17.483715057373047,652264,0.0,0
2019-02-27 00:00:00+08:00,17.48371607111232,17.52495061984248,17.112598840552067,17.153833389282227,553944,0.0,0
2019-03-04 00:00:00+08:00,17.236303176786134,17.236303176786134,16.90642208485186,16.947656631469727,653218,0.0,0
2019-03-05 00:00:00+08:00,16.988891933501442,18.143476486206055,16.988891933501442,18.143476486206055,2222585,0.0,0
2019-03-06 00:00:00+08:00,18.88571149202735,19.545475293699116,18.80324082019373,19.298063278198242,9396848,0.0,0
2019-03-07 00:00:00+08:00,19.710413590182306,20.370177342508832,19.463003166183054,20.16400146484375,12783850,0.0,0
2019-03-08 00:00:00+08:00,19.710414158616306,20.37017792996994,19.586708943049114,19.792884826660156,2901583,0.0,0
2019-03-11 00:00:00+08:00,19.79288476586898,21.772172927856445,19.66917955068173,21.772172927856445,7891345,0.0,0
2019-03-12 00:00:00+08:00,22.019583603869016,22.8442870860664,21.19488012167163,21.524761199951172,10411039,0.0,0
2019-03-13 00:00:00+08:00,21.44229024251302,22.266993713378906,21.359819580827025,21.648466110229492,5090717,0.0,0
2019-03-14 00:00:00+08:00,21.60723108303265,21.854641489564774,20.906232833862305,20.906232833862305,3218179,0.0,0
2019-03-15 00:00:00+08:00,21.029939337082503,21.194880666964345,20.411411709521253,20.452646255493164,2342680,0.0,0
2019-03-18 00:00:00+08:00,20.658823768510192,21.11241167513248,20.411413327077838,20.70005989074707,1658936,0.0,0
2019-03-19 00:00:00+08:00,20.782529946236636,21.11241104936796,20.53511793914026,20.94746971130371,1154102,0.0,0
2019-03-20 00:00:00+08:00,21.153643538614077,21.524760726641194,20.782527923583984,20.782527923583984,1785498,0.0,0
2019-03-21 00:00:00+08:00,20.988703020088774,21.029937562581324,20.741291046142578,20.741291046142578,1085166,0.0,0
2019-03-22 00:00:00+08:00,20.864998628102942,21.029939962893117,20.205236434936523,20.205236434936523,1588918,0.0,0
2019-03-25 00:00:00+08:00,19.6279437952213,19.79288513386908,19.6279437952213,19.669179916381836,1059024,0.0,0
2019-03-26 00:00:00+08:00,19.751648147356754,20.782527454149967,19.751648147356754,20.617586135864258,1886541,0.0,0
2019-03-27 00:00:00+08:00,20.57635453461659,20.94747019432279,20.411413192749023,20.411413192749023,1108755,0.0,0
2019-03-28 00:00:00+08:00,20.411410820377476,20.61758668724998,20.205234953504977,20.246469497680664,645744,0.0,0
2019-03-29 00:00:00+08:00,20.86499948665764,21.153646047919132,20.493883827604765,21.112411499023438,2022696,0.0,0
2019-04-01 00:00:00+08:00,22.01958268743085,22.01958268743085,21.236113782751886,21.318584442138672,3156694,0.0,0
2019-04-02 00:00:00+08:00,20.70005722287931,20.906233088499626,20.617586562031775,20.65882110595703,2290323,0.0,0
2019-04-03 00:00:00+08:00,20.78253025240046,21.318587249510582,20.700059582153393,20.82376480102539,2314815,0.0,0
2019-04-08 00:00:00+08:00,21.11241136039152,21.236116579263516,20.82376480102539,20.82376480102539,1280848,0.0,0
2019-04-09 00:00:00+08:00,20.823764660444827,20.864999208791385,20.535118103027344,20.535118103027344,1296742,0.0,0
2019-04-10 00:00:00+08:00,20.617586196846492,21.483524187915247,20.37017579168313,21.318584442138672,1666882,0.0,0
2019-04-11 00:00:00+08:00,21.029941003655953,21.607234130994417,20.70005989074707,20.70005989074707,2893662,0.0,0
2019-04-12 00:00:00+08:00,20.86499984182317,20.86499984182317,20.287708282470703,20.287708282470703,1036290,0.0,0
2019-04-15 00:00:00+08:00,20.49388355468078,20.741293990754517,20.452647433337034,20.535118103027344,832466,0.0,0
2019-04-16 00:00:00+08:00,20.411410274505613,20.741291338080046,20.411410274505613,20.617586135864258,640677,0.0,0
2019-04-17 00:00:00+08:00,20.70005989074707,20.988706454416302,20.617589219270542,20.70005989074707,1125138,0.0,0
2019-04-18 00:00:00+08:00,20.98870482550331,20.98870482550331,20.576353073120117,20.576353073120117,840713,0.0,0
2019-04-19 00:00:00+08:00,20.82376259409908,20.82376259409908,20.370176315307617,20.370176315307617,925282,0.0,0
2019-04-22 00:00:00+08:00,20.57635477891868,20.94747044303112,20.57635477891868,20.864999771118164,1033530,0.0,0
2019-04-23 00:00:00+08:00,20.906235471272456,20.988706141519522,20.65882346053126,20.82376480102539,555136,0.0,0
2019-04-24 00:00:00+08:00,20.98870378959971,21.029938333604047,20.782527923583984,20.782527923583984,637269,0.0,0
2019-04-25 00:00:00+08:00,20.82376246758832,21.11240899460974,20.782527923583984,20.782527923583984,1068023,0.0,0
2019-04-26 00:00:00+08:00,20.782527454149967,20.782527454149967,20.576351592791323,20.617586135864258,973951,0.0,0
2019-04-29 00:00:00+08:00,20.576354848645558,20.74129462003316,20.287708282470703,20.287708282470703,682625,0.0,0
2019-04-30 00:00:00+08:00,20.246471288950733,20.246471288950733,20.040295403837195,20.081531524658203,636841,0.0,0
2019-05-02 00:00:00+08:00,20.081529210931183,20.70005679500711,20.081529210931183,20.617586135864258,668719,0.0,0
2019-05-03 00:00:00+08:00,20.65882114557693,20.782527923583984,20.65882114557693,20.782527923583984,513177,0.0,0
2019-05-06 00:00:00+08:00,20.535116920434085,20.658822131346913,20.411411709521253,20.452646255493164,521612,0.0,0
2019-05-07 00:00:00+08:00,20.53511576924626,20.658820973224245,20.493881225585938,20.493881225585938,306904,0.0,0
2019-05-08 00:00:00+08:00,20.328941345214844,20.370177464793677,20.24647067905431,20.328941345214844,226360,0.0,0
2019-05-09 00:00:00+08:00,20.32893911410301,20.452644313268543,19.792882202387734,19.87535285949707,672350,0.0,0
2019-05-10 00:00:00+08:00,19.875353150193593,20.287704868774387,19.627941175246935,19.75164794921875,623238,0.0,0
2019-05-13 00:00:00+08:00,19.751648574140415,19.79288311810432,18.225946852520465,18.267181396484375,1965989,0.0,0
2019-05-14 00:00:00+08:00,18.06100582394207,18.30841781073402,17.566183423355227,18.143476486206055,656440,0.0,0
2019-05-15 00:00:00+08:00,18.30841768242147,18.638298756168417,18.30841768242147,18.555828094482422,450393,0.0,0
2019-05-16 00:00:00+08:00,18.143478255123963,18.30841959573306,17.731126476598416,17.85483169555664,1052539,0.0,0
2019-05-17 00:00:00+08:00,18.06100700782417,18.06100700782417,17.318774144789753,17.52495002746582,958671,0.0,0
2019-05-20 00:00:00+08:00,17.5249494461142,17.56618399208269,17.071363148472436,17.195068359375,490934,0.0,0
2019-05-21 00:00:00+08:00,17.112597397395543,17.401243933155847,17.071362852142816,17.31877326965332,449602,0.0,0
2019-05-22 00:00:00+08:00,17.360007814906048,17.524949141911097,17.31877326965332,17.31877326965332,227601,0.0,0
2019-05-23 00:00:00+08:00,17.318774931937035,17.318774931937035,16.865188598632812,16.865188598632812,534009,0.0,0
2019-05-24 00:00:00+08:00,16.823950701361632,17.071362689512235,16.823950701361632,17.030126571655273,470398,0.0,0
2019-05-27 00:00:00+08:00,17.030127182655164,17.648654815727365,16.90642197064015,17.483715057373047,421946,0.0,0
2019-05-28 00:00:00+08:00,17.48371548012947,17.566184574802172,17.360008692126105,17.52495002746582,182332,0.0,0
2019-05-29 00:00:00+08:00,17.52495002746582,17.566184574802172,17.360008692126105,17.52495002746582,192840,0.0,0
2019-05-30 00:00:00+08:00,17.60742039111976,17.73112560399003,17.524949724873867,17.64865493774414,163980,0.0,0
2019-05-31 00:00:00+08:00,17.68989033299379,17.813595540798538,17.68989033299379,17.731124877929688,376549,0.0,0
2019-06-03 00:00:00+08:00,17.731126220646605,17.731126220646605,17.31877444807343,17.4012451171875,265765,0.0,0
2019-06-04 00:00:00+08:00,17.401245426279026,17.524950645648868,17.236304085121095,17.27754020690918,396968,0.0,0
2019-06-05 00:00:00+08:00,17.48371609685799,17.48371609685799,17.27754020690918,17.27754020690918,123041,0.0,0
2019-06-06 00:00:00+08:00,17.277539328564046,17.318773875258668,17.03012732940493,17.07136344909668,303323,0.0,0
2019-06-10 00:00:00+08:00,17.442479949384953,17.442479949384953,17.112598840552067,17.153833389282227,169851,0.0,0
2019-06-11 00:00:00+08:00,17.277537537536265,17.36000662237658,17.195066879698985,17.23630142211914,160782,0.0,0
2019-06-12 00:00:00+08:00,17.318773726021615,17.483715057373047,17.195068514006596,17.483715057373047,333105,0.0,0
2019-06-13 00:00:00+08:00,17.524950334360017,17.524950334360017,17.277539900014983,17.4012451171875,305618,0.0,0
2019-06-14 00:00:00+08:00,17.4012451171875,17.524950334360017,17.360008996131874,17.4012451171875,198998,0.0,0
2019-06-17 00:00:00+08:00,17.401242447125778,17.483713103585483,17.318771790666077,17.36000633239746,192420,0.0,0
2019-06-18 00:00:00+08:00,17.524947645316864,17.524947645316864,17.36000633239746,17.36000633239746,172903,0.0,0
2019-06-19 00:00:00+08:00,17.566184997558594,17.64865566721323,17.442479779575233,17.566184997558594,292458,0.0,0
2019-06-20 00:00:00+08:00,17.607419952938425,18.26718212049234,17.607419952938425,18.184711456298828,856994,0.0,0
2019-06-21 00:00:00+08:00,18.30841811210449,18.47335786635044,17.978535457618438,18.019771575927734,561661,0.0,0
2019-06-24 00:00:00+08:00,18.143476486206055,18.225947148470038,18.06100582394207,18.143476486206055,261610,0.0,0
2019-06-25 00:00:00+08:00,18.225947877142822,18.225947877142822,17.97853588045935,18.061006546020508,211665,0.0,0
2019-06-26 00:00:00+08:00,18.061006121239952,18.184711330173684,18.019771575927734,18.019771575927734,137482,0.0,0
2019-06-27 00:00:00+08:00,18.102242365102402,18.184711456298828,18.061006246507105,18.184711456298828,229933,0.0,0
2019-06-28 00:00:00+08:00,18.184712519479948,18.22594864048614,18.061007302455717,18.102243423461914,173573,0.0,0
2019-07-01 00:00:00+08:00,18.184711456298828,18.473357994477574,18.01977170090889,18.184711456298828,438182,0.0,0
2019-07-02 00:00:00+08:00,18.225946852520465,18.308417513445306,18.184710735559534,18.267181396484375,188918,0.0,0
2019-07-03 00:00:00+08:00,18.267182278527944,18.63829948411086,18.225947732572997,18.473358154296875,353384,0.0,0
2019-07-04 00:00:00+08:00,18.473357140308643,18.88570886921284,18.473357140308643,18.679533004760742,442679,0.0,0
2019-07-05 00:00:00+08:00,18.720771174826634,19.091886827747818,18.679535053615048,18.968181610107422,565309,0.0,0
2019-07-08 00:00:00+08:00,18.968181610107422,19.21559204538821,18.92694706189302,18.968181610107422,242051,0.0,0
2019-07-09 00:00:00+08:00,18.968179275805927,19.133120594359557,18.803237957252296,18.926944732666016,283729,0.0,0
2019-07-10 00:00:00+08:00,18.844475216931087,19.05065109113603,18.597063224086906,18.885709762573242,635460,0.0,0
2019-07-11 00:00:00+08:00,18.968181919487186,19.050652590258313,18.8444766998291,18.8444766998291,317126,0.0,0
2019-07-12 00:00:00+08:00,18.926947370600228,18.968181919487186,18.8444766998291,18.8444766998291,296293,0.0,0
2019-07-15 00:00:00+08:00,18.885711359814394,19.091887251456466,18.844476810684867,19.009416580200195,253854,0.0,0
2019-07-16 00:00:00+08:00,19.09188565566682,19.75164939757363,19.09188565566682,19.586708068847656,917723,0.0,0
2019-07-17 00:00:00+08:00,19.66917961109296,19.8341193741835,19.504238275005264,19.792884826660156,520507,0.0,0
2019-07-18 00:00:00+08:00,19.7516488384586,20.1640005756039,19.7516488384586,19.95782470703125,837114,0.0,0
2019-07-19 00:00:00+08:00,20.0402942225172,20.205235550084065,19.91658901334059,19.999059677124023,451762,0.0,0
2019-07-22 00:00:00+08:00,19.999060403718186,20.12276561738918,19.83411907015877,19.916589736938477,388587,0.0,0
2019-07-23 00:00:00+08:00,20.040293796062674,20.08152991357543,19.95782470703125,19.95782470703125,448084,0.0,0
2019-07-24 00:00:00+08:00,20.081530799178296,20.246470557512094,20.040294679847012,20.16400146484375,580735,0.0,0
2019-07-25 00:00:00+08:00,20.164003060680695,20.287708282470703,20.122766938085864,20.287708282470703,533542,0.0,0
2019-07-26 00:00:00+08:00,20.28770679863314,20.452646557957088,20.205236132472603,20.328941345214844,431083,0.0,0
2019-07-29 00:00:00+08:00,20.32894107789194,20.576353073120117,20.32894107789194,20.576353073120117,864346,0.0,0
2019-07-30 00:00:00+08:00,20.700057348598385,20.78252800994679,20.081529747980884,20.246469497680664,1055264,0.0,0
2019-07-31 00:00:00+08:00,20.370176575077647,20.370176575077647,19.95782483528253,20.122764587402344,468771,0.0,0
2019-08-01 00:00:00+08:00,19.916589736938477,20.081531070497892,19.79288452326748,19.916589736938477,597739,0.0,0
2019-08-02 00:00:00+08:00,19.916589583953666,19.916589583953666,19.545473945791326,19.62794303894043,1317133,0.0,0
2019-08-05 00:00:00+08:00,19.443644386875498,19.76616963946007,19.028968811035156,19.028968811035156,706299,2.5,0
2019-08-06 00:00:00+08:00,18.798593665372106,19.075044631958008,18.337843812016803,19.075044631958008,474563,0.0,0
2019-08-07 00:00:00+08:00,19.167191864069636,19.62794168539459,18.982892990112305,18.982892990112305,444386,0.0,0
2019-08-08 00:00:00+08:00,19.028968592049754,19.30541955863566,18.936818269854456,19.075044631958008,222309,0.0,0
2019-08-12 00:00:00+08:00,19.35149309640639,19.35149309640639,18.798592942127694,19.167192459106445,272653,0.0,0
2019-08-13 00:00:00+08:00,18.982894536979078,18.982894536979078,18.706443567084182,18.752519607543945,301838,0.0,0
2019-08-14 00:00:00+08:00,18.890745162963867,19.075045818821796,18.752520549881076,18.890745162963867,282556,0.0,0
2019-08-15 00:00:00+08:00,18.660368548753706,18.660368548753706,18.24569298906627,18.29176902770996,915710,0.0,0
2019-08-16 00:00:00+08:00,18.291769609134658,18.522144536812373,18.153545004052273,18.4760684967041,557013,0.0,0
2019-08-19 00:00:00+08:00,18.56821859956878,18.614294639131803,18.476068278063934,18.522144317626953,205041,0.0,0
2019-08-20 00:00:00+08:00,18.568217638051998,18.568217638051998,18.291768445473995,18.38391876220703,220197,0.0,0
2019-08-21 00:00:00+08:00,18.383921018180278,18.936819471184933,18.337844975349014,18.614295959472656,1042765,0.0,0
2019-08-22 00:00:00+08:00,18.798594857933768,18.798594857933768,18.522145631431442,18.614295959472656,242367,0.0,0
2019-08-23 00:00:00+08:00,18.614294639131803,18.614294639131803,18.476068278063934,18.522144317626953,126742,0.0,0
2019-08-26 00:00:00+08:00,18.38391934737619,18.38391934737619,18.24569298906627,18.29176902770996,297156,0.0,0
2019-08-27 00:00:00+08:00,18.38391876220703,18.476067321318965,18.291768445473995,18.38391876220703,245157,0.0,0
2019-08-28 00:00:00+08:00,18.383920299720558,18.522144907569782,18.383920299720558,18.429994583129883,136500,0.0,0
2019-08-29 00:00:00+08:00,18.429994571103048,18.7525198276216,18.429994571103048,18.706443786621094,151995,0.0,0
2019-08-30 00:00:00+08:00,18.706443786621094,18.79859411100086,18.614295219862576,18.706443786621094,220655,0.0,0
2019-09-02 00:00:00+08:00,18.706442982601835,18.89074362343996,18.614294419803944,18.844669342041016,244179,0.0,0
2019-09-03 00:00:00+08:00,18.844670525458813,18.982895135957126,18.660369873046875,18.660369873046875,315604,0.0,0
2019-09-04 00:00:00+08:00,18.66037081102055,18.798595428466797,18.568220480182593,18.798595428466797,220824,0.0,0
2019-09-05 00:00:00+08:00,18.844670877810042,19.167194389129445,18.752520549881076,18.890745162963867,946616,0.0,0
2019-09-06 00:00:00+08:00,19.028970376751,19.028970376751,18.798595428466797,18.798595428466797,130052,0.0,0
2019-09-10 00:00:00+08:00,18.614294269850106,18.614294269850106,18.476067911524456,18.568218231201172,167041,0.0,0
2019-09-11 00:00:00+08:00,18.52214395017339,18.7525188705546,18.52214395017339,18.568218231201172,161315,0.0,0
2019-09-12 00:00:00+08:00,18.56821991664139,18.706444529892554,18.56821991664139,18.614295959472656,148042,0.0,0
2019-09-16 00:00:00+08:00,18.614294639131803,18.66036892107363,18.522144317626953,18.522144317626953,126650,0.0,0
2019-09-17 00:00:00+08:00,18.52214395017339,18.568218231201172,18.429993630496675,18.568218231201172,139360,0.0,0
2019-09-18 00:00:00+08:00,18.568219529676227,19.075045444529902,18.522145245426476,18.936819076538086,415542,0.0,0
2019-09-19 00:00:00+08:00,19.028969776046655,19.075045818821796,18.752520549881076,18.890745162963867,193877,0.0,0
2019-09-20 00:00:00+08:00,18.890742674323096,18.982892990112305,18.75251807944983,18.982892990112305,160547,0.0,0
2019-09-23 00:00:00+08:00,18.98289357942764,19.443643415056364,18.75251866161328,19.167192459106445,1252833,0.0,0
2019-09-24 00:00:00+08:00,19.30541821656399,19.674017722099734,18.982892990112305,18.982892990112305,715466,0.0,0
2019-09-25 00:00:00+08:00,19.02896822525797,19.02896822525797,18.798593303020898,18.844669342041016,267214,0.0,0
2019-09-26 00:00:00+08:00,18.89074362343996,18.936817904838907,18.75251902162195,18.844669342041016,262885,0.0,0
2019-09-27 00:00:00+08:00,18.798593151582377,18.93681775228687,18.568218231201172,18.568218231201172,249683,0.0,0
2019-10-01 00:00:00+08:00,18.56821859956878,18.614294639131803,18.429993996122104,18.522144317626953,192351,0.0,0
2019-10-02 00:00:00+08:00,18.476068866539208,18.522144907569782,18.383920299720558,18.429994583129883,242736,0.0,0
2019-10-03 00:00:00+08:00,18.29176902770996,18.38391934737619,18.24569298906627,18.29176902770996,159890,0.0,0
2019-10-04 00:00:00+08:00,18.29177056374124,18.47606946092883,18.29177056374124,18.337844848632812,203975,0.0,0
2019-10-07 00:00:00+08:00,18.33784389834596,18.42999422097508,18.19961929321289,18.19961929321289,310070,0.0,0
2019-10-08 00:00:00+08:00,18.706442623477724,19.443643415056364,18.660368342963306,19.167192459106445,1900061,0.0,0
2019-10-09 00:00:00+08:00,19.121118914245056,19.397568123209755,19.075044631958008,19.075044631958008,799543,0.0,0
2019-10-14 00:00:00+08:00,19.627941699402317,19.627941699402317,19.167191877748543,19.259342193603516,874977,0.0,0
2019-10-15 00:00:00+08:00,19.259342179858844,19.397566774732113,18.982892990112305,18.982892990112305,355461,0.0,0
2019-10-16 00:00:00+08:00,19.167192459106445,19.443643415056364,19.075043898077613,19.167192459106445,485453,0.0,0
2019-10-17 00:00:00+08:00,19.25934277775642,19.397567376920808,19.075043898077613,19.167192459106445,166099,0.0,0
2019-10-18 00:00:00+08:00,19.167193417108194,19.167193417108194,18.982894528217884,19.028968811035156,255021,0.0,0
2019-10-21 00:00:00+08:00,19.075045444529902,19.075045444529902,18.936819076538082,18.936819076538086,275067,0.0,0
2019-10-22 00:00:00+08:00,19.121119168560984,20.5955190704321,19.121119168560984,20.457294464111328,4414338,0.0,0
2019-10-23 00:00:00+08:00,20.45729432160854,20.549442886766343,19.90439414255565,20.180843353271484,1339355,0.0,0
2019-10-24 00:00:00+08:00,20.134769078000833,20.319067966004546,19.81224382696781,19.904394149780273,562248,0.0,0
2019-10-25 00:00:00+08:00,19.904394369583077,20.319068190386563,19.72009372192293,19.858318328857422,582544,0.0,0
2019-10-28 00:00:00+08:00,19.996545066380857,20.042619350344633,19.720094089734374,19.812244415283203,545686,0.0,0
2019-10-29 00:00:00+08:00,19.904395713531443,20.042620329798886,19.627944723375194,19.674020767211914,462857,0.0,0
2019-10-30 00:00:00+08:00,19.674020767211914,19.904395713531443,19.627944723375194,19.674020767211914,327358,0.0,0
2019-10-31 00:00:00+08:00,19.766170370865932,19.766170370865932,19.35149477968139,19.48971939086914,380801,0.0,0
2019-11-01 00:00:00+08:00,19.48971843453517,19.90439400537215,19.48971843453517,19.62794303894043,276870,0.0,0
2019-11-04 00:00:00+08:00,19.812244431037023,19.812244431037023,19.44364488616989,19.535795211791992,376336,0.0,0
2019-11-05 00:00:00+08:00,19.581869125366214,19.674019449245126,19.397568477608388,19.58186912536621,375647,0.0,0
2019-11-06 00:00:00+08:00,19.62794267125707,19.6740187102765,19.397567749023438,19.397567749023438,271687,0.0,0
2019-11-07 00:00:00+08:00,19.397566788575432,19.53579314116843,19.167191877748543,19.259342193603516,455075,0.0,0
2019-11-08 00:00:00+08:00,19.259342931178185,19.44364356994629,19.167192611794135,19.44364356994629,290162,0.0,0
2019-11-11 00:00:00+08:00,19.44364416311801,19.44364416311801,19.075044631958008,19.075044631958008,305832,0.0,0
2019-11-12 00:00:00+08:00,19.305419186368958,19.351493467767554,19.07504426413363,19.121118545532227,121010,0.0,0
2019-11-13 00:00:00+08:00,19.12112010397562,19.12112010397562,18.7985948350349,18.890745162963867,364381,0.0,0
2019-11-14 00:00:00+08:00,18.9828955140162,18.9828955140162,18.614295959472656,18.614295959472656,201478,0.0,0
2019-11-15 00:00:00+08:00,18.706444529892554,18.75252057272382,18.614295959472656,18.614295959472656,370840,0.0,0
2019-11-18 00:00:00+08:00,18.476069588600176,18.660370244682607,18.476069588600176,18.614295959472656,244302,0.0,0
2019-11-19 00:00:00+08:00,18.61429558875453,18.70644415733922,18.61429558875453,18.660369873046875,201944,0.0,0
2019-11-20 00:00:00+08:00,18.70644415733922,18.752520199252846,18.61429558875453,18.660369873046875,189156,0.0,0
2019-11-21 00:00:00+08:00,18.660369503241835,18.79859411100086,18.614295219862576,18.706443786621094,156462,0.0,0
2019-11-22 00:00:00+08:00,18.70644320301546,18.798593524520307,18.522144317626953,18.522144317626953,263151,0.0,0
2019-11-25 00:00:00+08:00,18.568218231201172,18.706442831905665,18.52214395017339,18.568218231201172,100840,0.0,0
2019-11-26 00:00:00+08:00,18.568218231201172,18.660368550877884,18.52214395017339,18.568218231201172,162475,0.0,0
2019-11-27 00:00:00+08:00,18.614295959472656,18.660370244682607,18.522145631431442,18.614295959472656,227773,0.0,0
2019-11-28 00:00:00+08:00,18.660370244682607,18.844670900765035,18.56821991664139,18.614295959472656,173783,0.0,0
2019-11-29 00:00:00+08:00,18.706444529892554,18.75252057272382,18.522145631431442,18.614295959472656,208444,0.0,0
2019-12-02 00:00:00+08:00,18.614294269850106,18.614294269850106,18.476067911524456,18.568218231201172,179797,0.0,0
2019-12-03 00:00:00+08:00,18.476067911524456,18.568218231201172,18.476067911524456,18.568218231201172,195639,0.0,0
2019-12-04 00:00:00+08:00,18.476067911524456,18.568218231201172,18.383919349468897,18.568218231201172,147472,0.0,0
2019-12-05 00:00:00+08:00,18.56821859956878,18.66036892107363,18.476068278063934,18.522144317626953,233771,0.0,0
2019-12-06 00:00:00+08:00,18.614294639131803,18.614294639131803,18.522144317626953,18.522144317626953,188191,0.0,0
2019-12-09 00:00:00+08:00,18.614294062448888,19.72009261338514,18.614294062448888,19.167192459106445,1139754,0.0,0
2019-12-10 00:00:00+08:00,19.167194013029405,19.30542038102122,18.89074479228833,18.936819076538086,294650,0.0,0
2019-12-11 00:00:00+08:00,19.21326790077478,19.21326790077478,18.982892990112305,18.982892990112305,249279,0.0,0
2019-12-12 00:00:00+08:00,19.121119728779654,19.121119728779654,18.89074479228833,18.936819076538086,274279,0.0,0
2019-12-13 00:00:00+08:00,19.213270431904586,19.213270431904586,18.7985948350349,18.890745162963867,321220,0.0,0
2019-12-16 00:00:00+08:00,18.890743987567404,19.167193196532104,18.890743987567404,19.075044631958008,5706,0.0,0
2019-12-17 00:00:00+08:00,19.121118914245056,19.167193196532104,18.982894309762706,19.075044631958008,408907,0.0,0
2019-12-18 00:00:00+08:00,19.121118545532227,19.25934314734919,19.07504426413363,19.121118545532227,487509,0.0,0
2019-12-19 00:00:00+08:00,19.121118545532227,19.213268865950592,19.07504426413363,19.121118545532227,145671,0.0,0
2019-12-20 00:00:00+08:00,19.1211175986316,19.259342193603516,19.07504331951466,19.259342193603516,222671,0.0,0
2019-12-23 00:00:00+08:00,19.213269236440357,19.213269236440357,19.075044631958008,19.075044631958008,134429,0.0,0
2019-12-24 00:00:00+08:00,19.075044631958008,19.075044631958008,18.982894309762706,19.075044631958008,200358,0.0,0
2019-12-25 00:00:00+08:00,19.213268497242,19.213268497242,19.028967859942057,19.167192459106445,146971,0.0,0
2019-12-26 00:00:00+08:00,19.167191864069636,19.167191864069636,18.982892990112305,18.982892990112305,181097,0.0,0
2019-12-27 00:00:00+08:00,19.075045576054322,19.535795452213883,19.075045576054322,19.21327018737793,1336688,0.0,0
2019-12-30 00:00:00+08:00,19.305418815891976,19.35149309640639,19.075043898077613,19.167192459106445,232317,0.0,0
2019-12-31 00:00:00+08:00,19.167191864069636,19.259342179858844,18.890742674323096,18.982892990112305,285231,0.0,0
2020-01-02 00:00:00+08:00,19.028969533865588,19.39756908326898,19.028969533865588,19.21327018737793,1213557,0.0,0
2020-01-03 00:00:00+08:00,19.30542075983355,19.30542075983355,18.7985948350349,18.890745162963867,511605,0.0,0
2020-01-06 00:00:00+08:00,18.89074406957247,18.936818352059525,18.383919931729988,18.4760684967041,528640,0.0,0
2020-01-07 00:00:00+08:00,18.522144536812373,18.6142948594077,18.4760684967041,18.4760684967041,264307,0.0,0
2020-01-08 00:00:00+08:00,18.429993041762998,18.52214335849603,18.33784272502996,18.38391876220703,247905,0.0,0
2020-01-09 00:00:00+08:00,18.383920299720558,18.522144907569782,18.383920299720558,18.429994583129883,174624,0.0,0
2020-01-10 00:00:00+08:00,18.29176902770996,18.429993628398723,18.24569298906627,18.29176902770996,349448,0.0,0
2020-01-13 00:00:00+08:00,18.337843308732495,18.429993628398723,18.24569298906627,18.29176902770996,235697,0.0,0
2020-01-14 00:00:00+08:00,18.291768445473995,18.429993041762998,18.245692408296925,18.38391876220703,277594,0.0,0
2020-01-15 00:00:00+08:00,18.47606946092883,18.47606946092883,18.245694521228366,18.337844848632812,137831,0.0,0
2020-01-16 00:00:00+08:00,18.337843308732495,18.38391934737619,18.29176902770996,18.29176902770996,193245,0.0,0
2020-01-17 00:00:00+08:00,18.33784272502996,18.429993041762998,18.19961812874096,18.38391876220703,259457,0.0,0
2020-01-20 00:00:00+08:00,18.383918599113752,18.429992878260972,17.969243056304446,18.107467651367188,350621,0.0,0
2020-01-30 00:00:00+08:00,16.402695447275526,16.86344533913856,16.310546875,16.310546875,1316380,0.0,0
2020-01-31 00:00:00+08:00,15.849796278871613,16.40269471844284,15.849796278871613,16.126245498657227,483783,0.0,0
2020-02-03 00:00:00+08:00,15.803718774119877,15.803718774119877,14.743994519551347,15.481193542480469,707090,0.0,0
2020-02-04 00:00:00+08:00,18.89074474641912,18.89074474641912,15.849796295166016,15.849796295166016,596854,0.0,0
2020-02-05 00:00:00+08:00,16.034095044997326,16.034095044997326,15.66549550234867,15.711569786071777,252979,0.0,0
2020-02-06 00:00:00+08:00,15.711569197092446,15.941944122314455,15.711569197092446,15.941944122314453,279741,0.0,0
2020-02-07 00:00:00+08:00,15.941944727141577,15.98802076850679,15.573345184326174,15.573345184326172,363120,0.0,0
2020-02-10 00:00:00+08:00,15.435119847767066,15.435119847767066,15.0665203223297,15.250819206237793,288314,0.0,0
2020-02-11 00:00:00+08:00,15.25081993942693,15.43512058981653,15.204745655640162,15.296895980834961,246963,0.0,0
2020-02-12 00:00:00+08:00,15.250820628024236,15.84979689002447,15.204746342157145,15.757646560668945,625742,0.0,0
2020-02-13 00:00:00+08:00,15.941943528780707,15.941943528780707,15.481193695490846,15.619420051574707,242898,0.0,0
2020-02-14 00:00:00+08:00,15.573344597188278,15.895869844100055,15.573344597188278,15.665494918823242,171042,0.0,0
2020-02-17 00:00:00+08:00,15.665495509435338,15.665495509435338,15.481194859217007,15.573345184326172,207793,0.0,0
2020-02-18 00:00:00+08:00,15.527271616090808,15.757646560668945,15.527271616090808,15.757646560668945,131092,0.0,0
2020-02-19 00:00:00+08:00,15.757645961099122,15.98802089691162,15.711569919363857,15.988020896911621,258376,0.0,0
2020-02-20 00:00:00+08:00,15.941944719929847,16.126245370064808,15.61942121862556,15.711569786071777,359194,0.0,0
2020-02-21 00:00:00+08:00,15.711569793179292,15.757645834544505,15.52727090058222,15.573345184326172,280363,0.0,0
2020-02-24 00:00:00+08:00,15.435119257978357,15.435119257978357,15.29689466092367,15.342968940734863,245706,0.0,0
2020-02-25 00:00:00+08:00,14.83614539980865,15.158670643686895,14.83614539980865,15.112594604492188,527265,0.0,0
2020-02-26 00:00:00+08:00,15.0204452409306,15.112595567571296,14.836146345270503,14.974370956420898,312613,0.0,0
2020-02-27 00:00:00+08:00,15.020444882202355,15.020444882202355,14.697920504283957,14.743995666503906,466362,0.0,0
2020-03-02 00:00:00+08:00,14.421470054417679,14.790069585473422,14.329320611059044,14.513620376586914,416855,0.0,0
2020-03-03 00:00:00+08:00,14.651844758272174,15.204744925260425,14.651844758272174,15.112594604492188,319251,0.0,0
2020-03-04 00:00:00+08:00,15.020444876042045,15.020444876042045,14.790069943847405,14.882220268249512,164811,0.0,0
2020-03-05 00:00:00+08:00,14.88222026824951,15.020444876042045,14.836145984859082,14.882220268249512,135481,0.0,0
2020-03-06 00:00:00+08:00,14.836145990943805,14.836145990943805,14.651845342064007,14.743995666503906,216535,0.0,0
2020-03-09 00:00:00+08:00,14.651844607502564,14.743994927322563,14.098945325014316,14.145020484924316,571659,0.0,0
2020-03-10 00:00:00+08:00,14.006795006004516,14.283245086669922,13.914645564989769,14.283245086669922,339474,0.0,0
2020-03-11 00:00:00+08:00,14.283246306005246,14.283246306005246,13.684271812438965,13.684271812438965,371640,0.0,0
2020-03-12 00:00:00+08:00,13.592120623809572,13.592120623809572,12.394170833745592,12.53239631652832,994859,0.0,0
2020-03-13 00:00:00+08:00,11.380522356713788,11.703046744554225,11.288372029439005,11.426596641540527,1608933,0.0,0
2020-03-16 00:00:00+08:00,11.564821776676126,11.656971222305401,10.96584642543803,11.05799674987793,551349,0.0,0
2020-03-17 00:00:00+08:00,10.136496543884277,10.643321546840609,9.952196782484862,10.136496543884277,945350,0.0,0
2020-03-18 00:00:00+08:00,10.136497416864625,10.41294752217761,9.261072815715721,9.307147979736328,832694,0.0,0
2020-03-19 00:00:00+08:00,8.956977335641849,9.030697241382885,8.376432418823242,8.376432418823242,1958624,0.0,0
2020-03-20 00:00:00+08:00,8.800322448955166,9.205781936645508,8.616022681823193,9.205781936645508,970932,0.0,0
2020-03-23 00:00:00+08:00,8.920117665452539,9.141277389684266,8.754247432873433,9.076772689819336,313898,0.0,0
2020-03-24 00:00:00+08:00,9.261071584393676,9.629671089929422,9.261071584393676,9.491446495056152,384971,0.0,0
2020-03-25 00:00:00+08:00,10.1825720703452,10.320796676665974,9.90612197889304,10.228647232055664,380829,0.0,0
2020-03-26 00:00:00+08:00,10.27472151495551,10.366871838376436,9.90612197889304,10.228647232055664,317108,0.0,0
2020-03-27 00:00:00+08:00,10.320796975125113,10.59724707457172,10.136497201764255,10.182572364807129,397757,0.0,0
2020-03-30 00:00:00+08:00,10.136497193344955,10.320796966552734,9.90612225713257,10.320796966552734,191127,0.0,0
2020-03-31 00:00:00+08:00,10.320796676665974,10.50509644469721,10.044346585213813,10.228647232055664,309648,0.0,0
2020-04-01 00:00:00+08:00,9.998272236296371,10.044346518891995,9.860046752077672,9.952197074890137,340713,0.0,0
2020-04-06 00:00:00+08:00,9.998272236296371,9.998272236296371,9.721822146669581,9.952197074890137,274468,0.0,0
2020-04-07 00:00:00+08:00,10.09042203872138,10.182572364807129,9.998272591446272,10.182572364807129,472546,0.0,0
2020-04-08 00:00:00+08:00,10.136497015195525,11.196221351623535,10.136497015195525,11.196221351623535,1095745,0.0,0
2020-04-09 00:00:00+08:00,11.196221057886039,11.703046071111176,11.104071614724578,11.24229621887207,1482630,0.0,0
2020-04-10 00:00:00+08:00,11.24229621887207,11.334446540844132,10.965846131766487,11.24229621887207,413456,0.0,0
2020-04-13 00:00:00+08:00,11.242296519947104,11.334446844387003,11.01192158765798,11.05799674987793,456307,0.0,0
2020-04-14 00:00:00+08:00,11.057996453738548,11.2883713798581,11.057996453738548,11.24229621887207,312059,0.0,0
2020-04-15 00:00:00+08:00,11.518746671236132,11.795196767107925,11.426596346341992,11.472671508789062,872893,0.0,0
2020-04-16 00:00:00+08:00,11.38052206270555,11.518746671236132,11.28837173781141,11.472671508789062,295404,0.0,0
2020-04-17 00:00:00+08:00,11.703046142292077,11.933421069812828,11.472671214771326,11.518746376037598,778910,0.0,0
2020-04-20 00:00:00+08:00,11.38052206270555,11.610896996130272,11.38052206270555,11.472671508789062,162761,0.0,0
2020-04-21 00:00:00+08:00,11.42659551878403,11.47267067789416,10.597246170043945,10.597246170043945,862752,0.0,0
2020-04-22 00:00:00+08:00,10.27472129068315,10.827621461518996,10.27472129068315,10.689396858215332,226388,0.0,0
2020-04-23 00:00:00+08:00,10.965846762787915,11.610897296090094,10.781546987049001,11.426596641540527,592453,0.0,0
2020-04-24 00:00:00+08:00,11.472671815702913,11.564822143062235,11.242296876115262,11.288372039794922,381399,0.0,0
2020-04-27 00:00:00+08:00,11.426596641540527,11.703046744554225,11.334447193076397,11.426596641540527,646612,0.0,0
2020-04-28 00:00:00+08:00,11.518747315199397,11.795197426526318,11.42659698515353,11.65697193145752,493706,0.0,0
2020-04-29 00:00:00+08:00,11.703045918111057,12.34809552705061,11.703045918111057,12.117720603942871,691181,0.0,0
2020-04-30 00:00:00+08:00,12.348096197597958,12.394171360483675,12.117721261980005,12.163796424865723,449022,0.0,0
2020-05-04 00:00:00+08:00,12.16379538898683,12.16379538898683,11.795195874912602,11.887345314025879,276158,0.0,0
2020-05-05 00:00:00+08:00,12.209870925316444,12.209870925316444,11.88734568142536,11.979496002197266,345598,0.0,0
2020-05-06 00:00:00+08:00,12.025571163194249,12.163795765548544,11.795196240063365,11.84127140045166,274989,0.0,0
2020-05-07 00:00:00+08:00,11.887345614859626,12.993145942687988,11.841271333542265,12.993145942687988,2205949,0.0,0
2020-05-08 00:00:00+08:00,13.453896160846806,13.68427108908863,13.177446071194495,13.22352123260498,2636587,0.0,0
2020-05-11 00:00:00+08:00,13.2235211636502,13.269595446009822,12.808845591928778,12.947071075439453,664126,0.0,0
2020-05-12 00:00:00+08:00,12.808845520019531,13.08529560667828,12.762771237918573,12.808845520019531,500312,0.0,0
2020-05-13 00:00:00+08:00,12.808845520019531,12.947071002754205,12.808845520019531,12.808845520019531,312961,0.0,0
2020-05-14 00:00:00+08:00,12.716696081428026,12.854920685400154,12.486321155600745,12.53239631652832,439351,0.0,0
2020-05-15 00:00:00+08:00,12.62454634684778,12.854921283391757,12.163796473759827,12.578471183776855,590883,0.0,0
2020-05-18 00:00:00+08:00,12.48632137911695,12.532396540869312,12.16379612566103,12.348095893859863,469964,0.0,0
2020-05-19 00:00:00+08:00,12.440245921765946,12.670620846243093,12.34809560045085,12.394170761108398,224642,0.0,0
2020-05-20 00:00:00+08:00,12.440246590882301,12.532396917153834,12.20987165401411,12.302021980285645,276147,0.0,0
2020-05-21 00:00:00+08:00,12.394171125257254,12.670621218514233,12.348095963245987,12.486321449279785,325837,0.0,0
2020-05-22 00:00:00+08:00,12.670620847707465,12.670620847707465,12.20987099869992,12.255946159362793,495681,0.0,0
2020-05-25 00:00:00+08:00,12.255946453884361,12.255946453884361,11.933421200304265,12.209871292114258,277011,0.0,0
2020-05-26 00:00:00+08:00,12.209871287413392,12.532396540869312,12.209871287413392,12.348095893859863,661904,0.0,0
2020-05-27 00:00:00+08:00,12.348095672818017,12.716696081428026,12.30202139070104,12.53239631652832,878072,0.0,0
2020-05-28 00:00:00+08:00,12.624546355632548,12.9470716185428,12.44024658203125,12.44024658203125,424546,0.0,0
2020-05-29 00:00:00+08:00,12.440245994673168,12.624545759572873,12.394170833745592,12.53239631652832,150641,0.0,0
2020-06-01 00:00:00+08:00,12.716695786501653,12.947070706986064,12.532396025876238,12.854920387268066,394395,0.0,0
2020-06-02 00:00:00+08:00,12.900995914269227,13.0392205189693,12.762771309569157,12.947071075439453,396354,0.0,0
2020-06-03 00:00:00+08:00,13.131371202917418,13.177446365356445,12.993146594410959,13.177446365356445,477420,0.0,0
2020-06-04 00:00:00+08:00,13.269595220438159,13.546045303949493,13.269595220438159,13.407820701599121,642906,0.0,0
2020-06-05 00:00:00+08:00,13.453896861330579,14.052871354420981,13.407821697521165,13.82249641418457,1420940,0.0,0
2020-06-08 00:00:00+08:00,14.283245382330833,14.283245382330833,13.914645853020728,14.098945617675781,846423,0.0,0
2020-06-09 00:00:00+08:00,14.375396244129497,15.34297026462173,14.329321081532097,15.296895980834961,2471236,0.0,0
2020-06-10 00:00:00+08:00,15.389046515559519,16.817370423851845,15.389046515559519,16.67914581298828,5122227,0.0,0
2020-06-11 00:00:00+08:00,16.72521973887232,17.32419421152205,16.080170982796165,16.44877052307129,4603204,0.0,0
2020-06-12 00:00:00+08:00,15.941944046339502,16.81736946105957,15.84979548278681,16.81736946105957,2268254,0.0,0
2020-06-15 00:00:00+08:00,16.90952014506046,17.232045397278853,16.725219498758168,17.047744750976562,2203898,0.0,0
2020-06-16 00:00:00+08:00,18.752519607543945,18.752519607543945,18.752519607543945,18.752519607543945,2043852,0.0,0
2020-06-17 00:00:00+08:00,20.595518112182617,20.595518112182617,20.595518112182617,20.595518112182617,1327745,0.0,0
2020-06-18 00:00:00+08:00,22.6228170467851,22.6228170467851,21.056268603406007,22.20814323425293,24807634,0.0,0
2020-06-19 00:00:00+08:00,22.16206846495214,23.31394316183367,21.655244301372786,22.853193283081055,7373447,0.0,0
2020-06-22 00:00:00+08:00,23.452167808067017,25.11086654663086,23.313941448502383,25.11086654663086,12420965,0.0,0
2020-06-23 00:00:00+08:00,26.354891409462997,27.3685414170618,25.89414156579274,26.5391902923584,17213583,0.0,0
2020-06-24 00:00:00+08:00,25.801992047205964,25.84806632995606,24.4197424732485,25.848066329956055,7343268,0.0,0
2020-06-29 00:00:00+08:00,25.801992642677437,27.506767508092878,25.801992642677437,27.184242248535156,4296967,0.0,0
2020-06-30 00:00:00+08:00,28.42826769296584,29.902667647287718,28.42826769296584,29.672292709350586,7040968,0.0,0
2020-07-01 00:00:00+08:00,31.05454341461714,32.62109375,31.05454341461714,32.62109375,6948282,0.0,0
2020-07-02 00:00:00+08:00,34.23371568449847,35.84634017944336,34.23371568449847,35.84634017944336,6507025,0.0,0
2020-07-03 00:00:00+08:00,37.64326082127937,39.39411163330078,37.64326082127937,39.39411163330078,4751823,0.0,0
2020-07-06 00:00:00+08:00,43.31048583984375,43.31048583984375,43.31048583984375,43.31048583984375,4511442,0.0,0
2020-07-07 00:00:00+08:00,47.64153563536599,47.64153563536599,40.40776081406015,42.1125373840332,9860410,0.0,0
2020-07-08 00:00:00+08:00,40.545988746319026,40.545988746319026,37.919715881347656,37.919715881347656,4276022,0.0,0
2020-07-09 00:00:00+08:00,41.46748851822936,41.697863454441745,39.486262660705826,41.28318786621094,6517307,0.0,0
2020-07-10 00:00:00+08:00,42.84973471347129,42.84973471347129,37.18251032914108,38.33438491821289,3554874,0.0,0
2020-07-13 00:00:00+08:00,39.762714477134736,39.762714477134736,38.38046489181477,39.16373825073242,2444110,0.0,0
2020-07-14 00:00:00+08:00,40.40776125276397,42.38898705376519,39.67056218096437,41.46748733520508,3389363,0.0,0
2020-07-15 00:00:00+08:00,43.3104852329601,43.3104852329601,39.578412208487535,40.54598617553711,2907594,0.0,0
2020-07-16 00:00:00+08:00,40.54598966458496,40.54598966458496,39.62448989948076,40.03916549682617,1118351,0.0,0
2020-07-17 00:00:00+08:00,40.13131342760093,40.13131342760093,36.16886520385742,36.16886520385742,2922199,0.0,0
2020-07-20 00:00:00+08:00,33.63473824269246,33.63473824269246,32.57501220703125,32.57501220703125,4679919,0.0,0
2020-07-21 00:00:00+08:00,34.87876273798606,35.800262451171875,34.832688455375255,35.800262451171875,1535219,0.0,0
2020-07-22 00:00:00+08:00,38.242241089041556,39.34804153442383,38.242241089041556,39.34804153442383,2699729,0.0,0
2020-07-23 00:00:00+08:00,43.264412295368146,43.264412295368146,40.54598743476176,43.21833801269531,15313977,0.0,0
2020-07-24 00:00:00+08:00,41.19103929782301,42.84973813550367,40.3616881213614,41.28318786621094,8143376,0.0,0
2020-07-27 00:00:00+08:00,40.36168606125911,42.296837535816536,37.18251140074805,38.196163177490234,8125724,0.0,0
2020-07-28 00:00:00+08:00,36.85999028911832,37.735415761533396,34.41801452636719,34.41801452636719,9391174,0.0,0
2020-07-29 00:00:00+08:00,32.16034124953001,37.781488068216476,31.79173995984069,36.99821472167969,10667877,0.0,0
2020-07-30 00:00:00+08:00,36.99821324396143,40.17738430077465,35.93848721486217,36.62961196899414,13054975,0.0,0
2020-07-31 00:00:00+08:00,36.629610080783,37.735410333439965,35.247360643772325,36.90605926513672,5702790,0.0,0
2020-08-03 00:00:00+08:00,36.95213702092591,37.320738311581714,35.800262381679566,35.84634017944336,3431315,0.0,0
2020-08-04 00:00:00+08:00,36.998216721991845,37.73541582598481,36.49138904245673,36.675689697265625,4146622,0.0,0
2020-08-05 00:00:00+08:00,36.95213775792664,37.22859048905349,36.0306380281505,36.307090759277344,2181773,0.0,0
2020-08-06 00:00:00+08:00,36.76783913841846,36.76783913841846,35.29343752121002,35.385589599609375,2940439,0.0,0
2020-08-07 00:00:00+08:00,35.38559212676031,35.66204135121697,33.26613987035983,33.865116119384766,4920598,0.0,0
2020-08-10 00:00:00+08:00,33.819039484844005,36.261011565664745,32.71323914860331,35.33951187133789,5113276,0.0,0
2020-08-11 00:00:00+08:00,35.01698921822213,36.12278958079342,33.9572631384158,34.095489501953125,2267769,0.0,0
2020-08-12 00:00:00+08:00,34.279790519944065,34.60231401803829,33.4504393602125,34.049415588378906,1589464,0.0,0
2020-08-13 00:00:00+08:00,34.27979209004436,35.431666800628896,33.634741549068494,33.81904220581055,2133115,0.0,0
2020-08-14 00:00:00+08:00,33.819037659898505,34.55623667253072,33.542588469566695,33.91118621826172,1323052,0.0,0
2020-08-17 00:00:00+08:00,34.18763604206401,37.274662017822266,34.18763604206401,37.274662017822266,6963173,0.0,0
2020-08-18 00:00:00+08:00,38.5647604434159,40.96066173556568,38.15008839701285,39.99308776855469,23721559,0.0,0
2020-08-19 00:00:00+08:00,40.868509014170876,41.237110288770765,37.36681096644103,38.33438491821289,12042811,0.0,0
2020-08-20 00:00:00+08:00,38.19616344147085,38.19616344147085,34.51016462473528,34.74053955078125,9243856,0.0,0
2020-08-21 00:00:00+08:00,35.66203880189726,36.72176133910006,35.01698831411509,35.9384880065918,3817909,0.0,0
2020-08-24 00:00:00+08:00,35.84634096399539,37.64326262835413,35.01698979948942,36.26101303100586,4998847,0.0,0
2020-08-25 00:00:00+08:00,36.491386415980884,37.873635954695956,35.47773816035345,35.9384880065918,4851676,0.0,0
2020-08-26 00:00:00+08:00,36.30709244280693,36.49138958511387,35.016991355202414,35.47774124145508,2573774,0.0,0
2020-08-27 00:00:00+08:00,35.84634146716626,36.21493925582093,35.01699029101879,35.06306457519531,2423654,0.0,0
2020-08-28 00:00:00+08:00,35.0169906227622,35.66204115307213,34.55624074614691,35.569889068603516,1602554,0.0,0
2020-08-31 00:00:00+08:00,36.7678413041005,38.19616520861854,35.80026375774846,37.32073974609375,9364319,0.0,0
2020-09-01 00:00:00+08:00,38.104012369658555,39.62448832787155,37.1825126411034,37.41288757324219,11442153,0.0,0
2020-09-02 00:00:00+08:00,37.22859046401936,37.735414612006934,36.62961423397064,36.859989166259766,3284060,0.0,0
2020-09-03 00:00:00+08:00,37.41288596464508,39.62448662418489,36.95213612017781,38.795135498046875,13435594,0.0,0
2020-09-04 00:00:00+08:00,36.85998834715299,38.05793726538698,36.85998834715299,37.55111312866211,3264714,0.0,0
2020-09-07 00:00:00+08:00,38.242239113507615,39.34803950176598,37.32073937583273,37.36681365966797,3356450,0.0,0
2020-09-08 00:00:00+08:00,38.15009107335047,38.15009107335047,35.93849026625324,36.16886520385742,3033591,0.0,0
2020-09-09 00:00:00+08:00,35.938490593272654,36.76784178229138,35.56988928365487,36.675689697265625,1641235,0.0,0
2020-09-10 00:00:00+08:00,37.320740275076645,37.320740275076645,35.938490635258994,36.1227912902832,1433904,0.0,0
2020-09-11 00:00:00+08:00,36.1227889354478,38.426538184963064,36.1227889354478,37.044288635253906,5616092,0.0,0
2020-09-14 00:00:00+08:00,38.01186538703343,38.01186538703343,35.938490911377066,37.18251419067383,2359836,0.0,0
2020-09-15 00:00:00+08:00,37.1825131128182,39.624488830566406,37.1825131128182,39.624488830566406,8088502,0.0,0
2020-09-16 00:00:00+08:00,40.1773892320285,40.1773892320285,38.51869032157644,39.34804153442383,4897498,0.0,0
2020-09-17 00:00:00+08:00,38.933365928000136,40.499916266021465,38.70299098168061,39.34804153442383,4510296,0.0,0
2020-09-18 00:00:00+08:00,39.71663689463007,41.00673792070428,37.41288757324219,37.41288757324219,13905267,0.0,0
2020-09-21 00:00:00+08:00,37.04428979096563,37.965789519520776,36.675688493446565,37.41288757324219,2976188,0.0,0
2020-09-22 00:00:00+08:00,37.320738297474534,37.320738297474534,35.754188085643165,36.39923858642578,4621779,0.0,0
2020-09-23 00:00:00+08:00,36.583540794593475,36.813915732197664,35.75418961312137,36.16886520385742,2311542,0.0,0
2020-09-24 00:00:00+08:00,35.47774243621711,35.93849233798617,34.740543296435185,35.29344177246094,3577835,0.0,0
2020-09-25 00:00:00+08:00,35.29343683136449,35.93848730658237,32.25248860847136,33.77296447753906,5526543,0.0,0
2020-09-28 00:00:00+08:00,34.37193826301073,35.339512249355344,33.819039846597356,34.74053955078125,2025811,0.0,0
2020-09-29 00:00:00+08:00,35.01698959790407,35.38559089450532,33.95726350660735,34.049415588378906,1533418,0.0,0
2020-09-30 00:00:00+08:00,34.04941547657182,35.6620399922326,33.542591331841216,35.201290130615234,1931805,0.0,0
2020-10-05 00:00:00+08:00,35.20129238233579,35.80026513160736,35.06306600891166,35.43166732788086,878160,0.0,0
2020-10-06 00:00:00+08:00,35.662039167536385,36.76783951289457,35.61596488548863,35.89241409301758,2448817,0.0,0
2020-10-07 00:00:00+08:00,35.93848955708165,36.26101305726615,35.385591123838935,35.70811462402344,1106319,0.0,0
2020-10-08 00:00:00+08:00,35.98456393985277,35.98456393985277,34.92484135400887,35.10913848876953,1367249,0.0,0
2020-10-12 00:00:00+08:00,35.155216693040174,35.155216693040174,34.32586551608473,34.51016616821289,1574491,0.0,0
2020-10-13 00:00:00+08:00,33.8190413591642,35.155216693040174,33.8190413591642,34.51016616821289,1382174,0.0,0
2020-10-14 00:00:00+08:00,34.64838852585864,36.721762923382585,34.51016567516922,35.70811462402344,4264712,0.0,0
2020-10-15 00:00:00+08:00,35.938491179594934,36.39924106651282,34.78661646230022,34.924842834472656,2046593,0.0,0
2020-10-16 00:00:00+08:00,35.2934360187763,35.2934360187763,34.187635731754234,34.464088439941406,1472696,0.0,0
2020-10-19 00:00:00+08:00,34.51016389438794,35.201288657899404,34.325863254403075,34.83268737792969,1039799,0.0,0
2020-10-20 00:00:00+08:00,35.01698920136266,35.24736413031899,34.64838790893555,34.64838790893555,697127,0.0,0
2020-10-21 00:00:00+08:00,34.832688555149105,35.15521556483344,34.510165060707216,34.64838790893555,783792,0.0,0
2020-10-22 00:00:00+08:00,34.924839079207366,34.924839079207366,34.27978860383233,34.325862884521484,726507,0.0,0
2020-10-23 00:00:00+08:00,34.37193976681994,35.33951379549695,34.32586548264342,35.06306457519531,1198188,0.0,0
2020-10-26 00:00:00+08:00,35.15521549419388,35.75418819913133,34.69446563720703,34.69446563720703,912928,0.0,0
2020-10-27 00:00:00+08:00,34.60231399536133,35.109138141424026,34.279790497478466,34.60231399536133,543397,0.0,0
2020-10-28 00:00:00+08:00,34.69446654928636,35.15521641838582,33.9572639465332,33.9572639465332,1204111,0.0,0
2020-10-29 00:00:00+08:00,33.35828971621869,34.3719379762678,32.62109066207003,33.63473892211914,1637270,0.0,0
2020-10-30 00:00:00+08:00,33.81903722933495,34.04941213755217,32.80538552403395,32.851463317871094,1387051,0.0,0
2020-11-02 00:00:00+08:00,32.89754090594221,33.450439335187966,30.50163951031146,30.63986587524414,3997910,0.0,0
2020-11-03 00:00:00+08:00,30.87024299152428,33.680816650390625,30.87024299152428,33.680816650390625,3584813,0.0,0
2020-11-04 00:00:00+08:00,35.20129062891933,35.47773984675462,32.9896898557519,34.00334167480469,6957584,0.0,0
2020-11-05 00:00:00+08:00,34.00334020202215,34.92483989838869,33.86511384147022,34.18763732910156,2126973,0.0,0
2020-11-06 00:00:00+08:00,34.18764107001612,34.87876591791598,34.09549249639324,34.23371887207031,1228335,0.0,0
2020-11-09 00:00:00+08:00,34.83268657772582,35.24736212935492,34.556237381720514,34.97091293334961,2269099,0.0,0
2020-11-10 00:00:00+08:00,35.01698682583133,35.33951029839342,34.41801064508207,34.464088439941406,1450967,0.0,0
2020-11-11 00:00:00+08:00,35.01698875898794,35.29343796719463,34.60231318905671,34.74053955078125,1293430,0.0,0
2020-11-12 00:00:00+08:00,35.01698682583133,35.109135385065585,34.23371352661357,34.464088439941406,872097,0.0,0
2020-11-13 00:00:00+08:00,34.464092947554775,35.29344063486136,34.233718004095834,34.924842834472656,1237351,0.0,0
2020-11-16 00:00:00+08:00,35.016989949544275,36.214938902664386,34.55624008178711,34.55624008178711,2824872,0.0,0
2020-11-17 00:00:00+08:00,34.832689299392904,35.1091385169987,34.55624008178711,34.55624008178711,857527,0.0,0
2020-11-18 00:00:00+08:00,34.55623861374512,34.97091418015854,34.18763732910156,34.18763732910156,873104,0.0,0
2020-11-19 00:00:00+08:00,34.18763805102288,34.878762837891884,34.09548948553733,34.64838790893555,1069096,0.0,0
2020-11-20 00:00:00+08:00,34.97091491861988,35.29343841306177,34.41801297997922,34.64838790893555,1094072,0.0,0
2020-11-23 00:00:00+08:00,34.92484278404895,35.93849112770774,34.60231575452649,35.47774124145508,2880662,0.0,0
2020-11-24 00:00:00+08:00,35.615964972804434,36.30708975094235,34.51016462473528,34.74053955078125,2878568,0.0,0
2020-11-25 00:00:00+08:00,35.01698801791455,35.84633914022525,34.64838673794483,34.83268737792969,2468248,0.0,0
2020-11-26 00:00:00+08:00,35.33951166480238,38.28831137246305,34.83268753893313,38.24223709106445,15005747,0.0,0
2020-11-27 00:00:00+08:00,38.196162879329144,38.196162879329144,36.583538420740695,37.64326095581055,8382300,0.0,0
2020-11-30 00:00:00+08:00,37.82756390379466,38.47261442961516,36.90606415697753,37.32073974609375,6207612,0.0,0
2020-12-01 00:00:00+08:00,37.78149015501586,38.05793937993087,35.938490635258994,36.1227912902832,4213512,0.0,0
2020-12-02 00:00:00+08:00,36.122789389813995,36.39923860018464,34.924840468046284,35.84634017944336,3451861,0.0,0
2020-12-03 00:00:00+08:00,36.16886728887069,36.26101586312739,35.109141108704755,35.29344177246094,2541197,0.0,0
2020-12-04 00:00:00+08:00,35.477738987987706,36.16886377346798,34.556239274014,34.69446563720703,3211554,0.0,0
2020-12-07 00:00:00+08:00,34.83269028173306,35.01699093708201,32.989690758728734,33.26613998413086,6451060,0.0,0
2020-12-08 00:00:00+08:00,33.35829281645864,33.911191279644605,33.081843584865666,33.17399215698242,2140464,0.0,0
2020-12-09 00:00:00+08:00,33.17398870998189,33.68081283444703,32.667164585516744,33.12791442871094,2248869,0.0,0
2020-12-10 00:00:00+08:00,33.35828904237632,33.35828904237632,32.39071508364869,32.57501220703125,1965758,0.0,0
2020-12-11 00:00:00+08:00,32.62109192630744,32.89754114292174,31.791740761222037,32.29856491088867,2224930,0.0,0
2020-12-14 00:00:00+08:00,32.298566716550255,33.08184364186304,31.561367592617938,32.62109375,1404919,0.0,0
2020-12-15 00:00:00+08:00,32.62109081753324,32.98968858874302,31.79173968063706,31.883888244628906,1126968,0.0,0
2020-12-16 00:00:00+08:00,32.11426158042208,33.035761235702395,32.11426158042208,32.71323776245117,1348373,0.0,0
2020-12-17 00:00:00+08:00,32.48286437988281,33.35828979671537,32.206415173315264,32.48286437988281,1065368,0.0,0
2020-12-18 00:00:00+08:00,32.52894059132681,32.943616183397104,31.9760421453948,32.206417083740234,741301,0.0,0
2020-12-21 00:00:00+08:00,31.883887057561413,32.20641405000967,31.146688027346087,31.238840103149414,1696420,0.0,0
2020-12-22 00:00:00+08:00,31.330988334886953,31.653511808708018,30.27126232334536,30.409488677978516,1666416,0.0,0
2020-12-23 00:00:00+08:00,30.409491325796235,30.870241194368905,29.257616654364558,30.31734275817871,3867861,0.0,0
2020-12-24 00:00:00+08:00,30.685940514857933,31.561365967366232,30.455565580789568,30.870241165161133,1332506,0.0,0
2020-12-25 00:00:00+08:00,31.37706614520613,31.42314043018735,30.547718469816335,30.73201560974121,861688,0.0,0
2020-12-28 00:00:00+08:00,30.732015295234472,30.732015295234472,29.856593343822393,29.948741912841797,1673307,0.0,0
2020-12-29 00:00:00+08:00,29.94874118530323,31.054541562886005,29.76444053649902,29.764440536499023,1352358,0.0,0
2020-12-30 00:00:00+08:00,29.81051473819179,30.593791614652446,29.81051473819179,30.08696746826172,967937,0.0,0
2020-12-31 00:00:00+08:00,30.040889309189343,30.501639166785758,29.580139451592924,29.856592178344727,920184,0.0,0
2021-01-04 00:00:00+08:00,29.85659263076741,30.179116129875183,29.441917049598487,29.487991333007812,965005,0.0,0
2021-01-05 00:00:00+08:00,29.34976628041594,30.225189955276395,28.796866099775997,29.856592178344727,2827671,0.0,0
2021-01-06 00:00:00+08:00,30.3173433953624,30.3173433953624,27.82929334972979,28.520418167114258,2416125,0.0,0
2021-01-07 00:00:00+08:00,28.612564452786884,29.073314294265714,27.967515729289218,28.290040969848633,1396714,0.0,0
2021-01-08 00:00:00+08:00,28.29004355905933,28.336117844375643,25.98629414081741,26.2166690826416,4961594,0.0,0
2021-01-11 00:00:00+08:00,26.216668901951927,27.967518096224378,25.80199330647787,27.64499282836914,3192204,0.0,0
2021-01-12 00:00:00+08:00,27.644990620215488,28.059666182567188,26.400965690781558,26.5391902923584,1441201,0.0,0
2021-01-13 00:00:00+08:00,26.585267431056664,27.230316184306197,26.539191390210902,26.677417755126953,1016287,0.0,0
2021-01-14 00:00:00+08:00,26.815642957103936,26.907793283217813,26.400967368402128,26.585268020629883,813499,0.0,0
2021-01-15 00:00:00+08:00,26.585266401396108,26.815641323838673,25.15694082767951,25.38731575012207,1843884,0.0,0
2021-01-18 00:00:00+08:00,25.387318029473217,25.61769297259955,23.590394527660628,25.341243743896484,1771456,0.0,0
2021-01-19 00:00:00+08:00,25.38731684735405,26.585267550403145,24.880492699124094,25.525543212890625,1274471,0.0,0
2021-01-20 00:00:00+08:00,25.341242410357225,25.709841948438175,23.544317245483402,23.5443172454834,2219601,0.0,0
2021-01-21 00:00:00+08:00,23.544317631006642,24.37366880229542,23.037493477549067,23.22179412841797,1502284,0.0,0
2021-01-22 00:00:00+08:00,23.49824297686727,25.479467033196535,23.49824297686727,25.24909210205078,2560907,0.0,0
2021-01-25 00:00:00+08:00,24.880493146749455,25.479467630239537,24.051143726715395,25.15694236755371,1519422,0.0,0
2021-01-26 00:00:00+08:00,25.064793834307668,25.84806721356249,24.373669023703098,24.60404396057129,819169,0.0,0
2021-01-27 00:00:00+08:00,24.880492213862013,25.203017464454838,24.511892680736448,24.742267608642578,564959,0.0,0
2021-01-28 00:00:00+08:00,24.373669263334744,24.92656771115724,23.590394118757807,24.281518936157227,485148,0.0,0
2021-01-29 00:00:00+08:00,24.32759077797366,24.788340609971726,23.682542067749043,23.774690628051758,886618,0.0,0
2021-02-01 00:00:00+08:00,23.774690620624572,23.774690620624572,22.76104239664239,23.498241424560547,762521,0.0,0
2021-02-02 00:00:00+08:00,23.406091690063477,23.636466611732647,23.313941369871575,23.406091690063477,422241,0.0,0
2021-02-03 00:00:00+08:00,23.4982427433395,24.604043104898082,23.40609242027275,23.59039306640625,732787,0.0,0
2021-02-04 00:00:00+08:00,23.49824237634971,23.8668419052388,23.452168094346522,23.63646697998047,434728,0.0,0
2021-02-05 00:00:00+08:00,23.774693755523014,23.86684408556888,23.175719246656914,23.31394386291504,808995,0.0,0
2021-02-17 00:00:00+08:00,23.590394118757807,24.41974354811285,23.31394313722526,24.281518936157227,997518,0.0,0
2021-02-18 00:00:00+08:00,24.373669116298256,25.894143353880317,24.189368463055036,25.433393478393555,1279387,0.0,0
2021-02-19 00:00:00+08:00,25.7098409246083,25.986291885375977,24.926565838864974,25.986291885375977,1494480,0.0,0
2021-02-22 00:00:00+08:00,26.44704160546309,28.566490173339844,26.44704160546309,28.566490173339844,4008473,0.0,0
2021-02-23 00:00:00+08:00,27.829292640651715,28.52041744042663,27.460691341341423,28.336116790771484,2239854,0.0,0
2021-02-24 00:00:00+08:00,28.197891927626817,28.29004225162199,27.18424187892241,27.230316162109375,1779058,0.0,0
2021-02-25 00:00:00+08:00,27.7371410944573,27.82929141522716,27.046016325115115,27.092090606689453,1013555,0.0,0
2021-02-26 00:00:00+08:00,26.769566542640376,26.999941475907924,26.35489271733155,26.6313419342041,675496,0.0,0
2021-03-02 00:00:00+08:00,26.631341440056197,27.046017015291927,25.801992047205964,25.848066329956055,674186,0.0,0
2021-03-03 00:00:00+08:00,26.308816570207206,28.1057417455096,25.848066705526723,27.50676727294922,1486453,0.0,0
2021-03-04 00:00:00+08:00,27.506766171343237,27.598916492113098,26.815641402001052,27.092090606689453,617327,0.0,0
2021-03-05 00:00:00+08:00,26.815642597481926,26.861716881110326,26.35489273071289,26.35489273071289,872052,0.0,0
2021-03-08 00:00:00+08:00,26.76956581301599,27.046016779974924,26.07844103205047,26.170591354370117,551596,0.0,0
2021-03-09 00:00:00+08:00,26.21666753696814,26.81564199887264,26.124517214147165,26.44704246520996,390343,0.0,0
2021-03-10 00:00:00+08:00,26.447043410269707,27.04601789357799,26.447043410269707,26.585268020629883,549084,0.0,0
2021-03-11 00:00:00+08:00,26.769565944075996,27.552841051195966,26.769565944075996,26.999940872192383,707385,0.0,0
2021-03-12 00:00:00+08:00,26.999941367227937,27.55284155636877,26.999941367227937,27.50676727294922,696527,0.0,0
2021-03-15 00:00:00+08:00,27.55284167929775,28.566491737641538,27.506767395672636,28.059667587280273,1556017,0.0,0
2021-03-16 00:00:00+08:00,28.151816993840722,28.474342261695956,27.50676821575156,27.64499282836914,927483,0.0,0
2021-03-17 00:00:00+08:00,27.737142457485305,27.9675173919202,26.907793045043945,26.907793045043945,1112562,0.0,0
2021-03-18 00:00:00+08:00,26.953865789552857,27.875365474665774,26.953865789552857,27.691064834594727,812834,0.0,0
2021-03-19 00:00:00+08:00,27.64499174127703,27.64499174127703,27.138167595735446,27.230316162109375,589722,0.0,0
2021-03-22 00:00:00+08:00,27.414615779862682,28.01359022689007,27.046016255355152,27.96751594543457,1027150,0.0,0
2021-03-23 00:00:00+08:00,28.1057417455096,28.750792259110778,27.46069123190842,27.50676727294922,3025984,0.0,0
2021-03-24 00:00:00+08:00,27.552841544201915,27.921441084259286,27.50676726080271,27.78321647644043,522384,0.0,0
2021-03-25 00:00:00+08:00,27.783215153610925,27.829291192437577,27.32246531107137,27.414615631103516,389082,0.0,0
2021-03-26 00:00:00+08:00,27.552840822813284,27.78321574902012,27.184241292406586,27.322465896606445,540929,0.0,0
2021-03-29 00:00:00+08:00,28.566489413773255,28.566489413773255,27.64498975526444,27.82929039001465,1205514,0.0,0
2021-03-30 00:00:00+08:00,27.96751749817636,28.382191327161863,27.691066521231416,27.73714256286621,914005,0.0,0
2021-03-31 00:00:00+08:00,27.92144072179582,28.059667085441532,27.50676690372235,27.552841186523438,581676,0.0,0
2021-04-01 00:00:00+08:00,27.691066287794342,28.29004252064835,27.64499200416923,28.059667587280273,1402743,0.0,0
2021-04-07 00:00:00+08:00,29.948740369491,30.363415939193967,29.303689873868866,30.179115295410156,2397594,0.0,0
2021-04-08 00:00:00+08:00,31.6995914904235,31.92996641836192,30.685939698348996,31.561365127563477,4266718,0.0,0
2021-04-09 00:00:00+08:00,32.436790185984954,32.436790185984954,30.962388554887863,31.054540634155273,2048265,0.0,0
2021-04-12 00:00:00+08:00,31.607440281036673,31.791740931514244,30.22519067531866,30.31734275817871,1615450,0.0,0
2021-04-13 00:00:00+08:00,30.501640241117975,31.054542198853515,29.30369127222149,29.395841598510742,1221125,0.0,0
2021-04-14 00:00:00+08:00,29.580139899826463,29.994815480995385,27.829292523574622,29.487991333007812,1396720,0.0,0
2021-04-15 00:00:00+08:00,29.487991309042684,30.363416754078386,29.211542093568905,30.040889739990234,771294,0.0,0
2021-04-16 00:00:00+08:00,30.133042895909696,30.778093431832925,30.04089081063917,30.45556640625,777339,0.0,0
2021-04-19 00:00:00+08:00,30.685940832021274,32.02211616647673,30.685940832021274,31.653514862060547,2387491,0.0,0
2021-04-20 00:00:00+08:00,31.377065658569336,31.74566696318757,31.054542153460304,31.377065658569336,1122722,0.0,0
2021-04-21 00:00:00+08:00,31.515288979040076,31.515288979040076,30.685937881469723,30.685937881469727,963213,0.0,0
2021-04-22 00:00:00+08:00,30.77809160730146,30.962388736432107,28.56649090530956,28.750791549682617,2353745,0.0,0
2021-04-23 00:00:00+08:00,28.750792252731117,29.902666914176734,28.750792252731117,29.487991333007812,1072542,0.0,0
2021-04-26 00:00:00+08:00,29.764441146046487,30.363417388116016,29.30369127222149,29.395841598510742,1101616,0.0,0
2021-04-27 00:00:00+08:00,29.395841347090748,30.593792063362553,29.11939212820871,29.994815826416016,1654001,0.0,0
2021-04-28 00:00:00+08:00,30.501639628982957,30.501639628982957,29.349766725158588,29.487991333007812,1041322,0.0,0
2021-04-29 00:00:00+08:00,29.580139912187732,29.994815493529945,29.073315763988365,29.2115421295166,785980,0.0,0
2021-05-03 00:00:00+08:00,29.211541731680985,29.211541731680985,27.460690863300037,27.552841186523438,1954085,0.0,0
2021-05-04 00:00:00+08:00,28.059666947624752,28.059666947624752,25.295167810228076,26.999940872192383,1858078,0.0,0
2021-05-05 00:00:00+08:00,27.276391847853716,27.322466130440922,26.354892135139885,26.723491668701172,818650,0.0,0
2021-05-06 00:00:00+08:00,26.72349130032331,27.59891671838238,26.447042093368445,26.76956558227539,729531,0.0,0
2021-05-07 00:00:00+08:00,27.276390243385137,27.92143894976864,27.23031420588703,27.82929039001465,629458,0.0,0
2021-05-10 00:00:00+08:00,27.82929179388487,27.82929179388487,26.953866371091536,27.046016693115234,646379,0.0,0
2021-05-11 00:00:00+08:00,26.72349077619178,26.72349077619178,25.5255418927213,25.709840774536133,1217043,0.0,0
2021-05-12 00:00:00+08:00,24.92656620990288,25.387316060419543,23.17571712946381,23.63646697998047,2006705,0.0,0
2021-05-13 00:00:00+08:00,23.590391742455598,24.28151649023679,22.11599192899816,23.498241424560547,1051845,0.0,0
2021-05-14 00:00:00+08:00,23.95899273358432,24.926566737084425,23.820768127030195,24.143293380737305,1022225,0.0,0
2021-05-17 00:00:00+08:00,21.931691534616554,23.91291723949413,21.747392654418945,21.747392654418945,1205278,0.0,0
2021-05-18 00:00:00+08:00,22.576742813117914,23.912918090820312,22.208143281979005,23.912918090820312,1014311,0.0,0
2021-05-19 00:00:00+08:00,23.590391903884562,24.788340771854408,23.54431586581118,24.0511417388916,594836,0.0,0
2021-05-20 00:00:00+08:00,24.051143288671398,24.788342369136984,23.820768356323242,23.820768356323242,423751,0.0,0
2021-05-21 00:00:00+08:00,24.235440991306962,24.742266872187475,24.005066070257957,24.557966232299805,462589,0.0,0
2021-05-24 00:00:00+08:00,24.511892099413036,25.801991313567157,24.419741778911774,25.38731575012207,661856,0.0,0
2021-05-25 00:00:00+08:00,25.755918145289925,25.801992428721285,25.110867631523394,25.525543212890625,517462,0.0,0
2021-05-26 00:00:00+08:00,25.709841964342292,25.709841964342292,25.064793211706917,25.24909210205078,433947,0.0,0
2021-05-27 00:00:00+08:00,25.617690821632582,25.894141784745017,25.249091295103856,25.663766860961914,547480,0.0,0
2021-05-28 00:00:00+08:00,25.801992186934964,26.21666776441634,25.663767580314914,26.1245174407959,524001,0.0,0
2021-05-31 00:00:00+08:00,26.30881762978945,26.907793884094726,26.170593016342586,26.493118286132812,597701,0.0,0
2021-06-01 00:00:00+08:00,26.67741751832403,27.322466265847765,26.67741751832403,27.276391983032227,762272,0.0,0
2021-06-02 00:00:00+08:00,27.69106505649805,27.69106505649805,26.769565364000663,26.815641403198242,619168,0.0,0
2021-06-03 00:00:00+08:00,26.861716266846795,27.276391840504782,26.861716266846795,26.999940872192383,339876,0.0,0
2021-06-04 00:00:00+08:00,26.99994050727818,27.184241150328887,26.76956558227539,26.76956558227539,532410,0.0,0
2021-06-07 00:00:00+08:00,26.539190292358402,26.76956521419353,25.986291886051024,26.5391902923584,366802,0.0,0
2021-06-08 00:00:00+08:00,26.815641402001052,27.368541568999035,26.815641402001052,27.092090606689453,286576,0.0,0
2021-06-09 00:00:00+08:00,27.092092177824288,27.691066661132567,26.539191978762304,26.585268020629883,475565,0.0,0
2021-06-10 00:00:00+08:00,26.539191023109918,26.907792314292426,26.493116740522716,26.723491668701172,255905,0.0,0
2021-06-11 00:00:00+08:00,26.58526788673939,26.86171710606747,26.308816909790043,26.30881690979004,261947,0.0,0
2021-06-15 00:00:00+08:00,26.539190886027484,26.58526692599791,26.124517072020897,26.170591354370117,278633,0.0,0
2021-06-16 00:00:00+08:00,26.17059185155099,26.861716645646286,26.03236724425618,26.677417755126953,417410,0.0,0
2021-06-17 00:00:00+08:00,26.447043176174162,27.04601765418063,26.447043176174162,26.907793045043945,323930,0.0,0
2021-06-18 00:00:00+08:00,26.90779290869791,27.092091800739194,26.6313419342041,26.6313419342041,236841,0.0,0
2021-06-21 00:00:00+08:00,26.30881461955505,26.539189534814273,25.709840191405288,25.801990509033203,500714,0.0,0
2021-06-22 00:00:00+08:00,25.89414311264164,26.216668374001877,25.755918502807617,25.755918502807617,309622,0.0,0
2021-06-23 00:00:00+08:00,25.894142150878906,26.12451707791943,25.663767223838384,25.894142150878906,552763,0.0,0
2021-06-24 00:00:00+08:00,25.986293406447707,26.49311756108961,25.986293406447707,26.30881690979004,331528,0.0,0
2021-06-25 00:00:00+08:00,26.539190292017324,26.585266330956458,26.262741088867188,26.262741088867188,417563,0.0,0
2021-06-28 00:00:00+08:00,26.262742625357,27.783216846879732,26.21666834134348,27.73714256286621,1418493,0.0,0
2021-06-29 00:00:00+08:00,27.691065792547928,28.3821905802916,27.09209132802766,27.552841186523438,992584,0.0,0
2021-06-30 00:00:00+08:00,27.691064035141437,28.428264816521157,27.36854056076024,27.82929039001465,1388616,0.0,0
2021-07-01 00:00:00+08:00,28.38219059956056,29.94874082255825,28.151815670156264,29.53406524658203,4202009,0.0,0
2021-07-02 00:00:00+08:00,29.994814564393504,31.607439041137695,29.76443963914433,31.607439041137695,9205920,0.0,0
2021-07-05 00:00:00+08:00,33.40436427666613,34.74053955078125,32.989688706734896,34.74053955078125,13673028,0.0,0
2021-07-06 00:00:00+08:00,36.39923879262563,36.39923879262563,33.5425910782887,34.095489501953125,10774478,0.0,0
2021-07-07 00:00:00+08:00,33.72688986488194,35.06306522210859,32.805390103379786,33.26613998413086,5912327,0.0,0
2021-07-08 00:00:00+08:00,33.266137637423626,34.095488770367346,32.98968843152318,33.63473892211914,2436786,0.0,0
2021-07-09 00:00:00+08:00,33.54259005971734,33.58866434108318,31.976039886582203,32.52893829345703,3271145,0.0,0
2021-07-12 00:00:00+08:00,33.17398751920863,35.109135385065585,32.75931197217008,34.464088439941406,5213919,0.0,0
2021-07-13 00:00:00+08:00,34.832691061783,34.832691061783,33.035765783564585,33.17399215698242,3470727,0.0,0
2021-07-14 00:00:00+08:00,33.588667216786405,34.83269049638334,33.26614018912756,34.37194061279297,7208564,0.0,0
2021-07-15 00:00:00+08:00,34.5101649913638,34.97091484835065,34.04941513437694,34.69446563720703,3214402,0.0,0
2021-07-16 00:00:00+08:00,34.510165559959205,36.859989166259766,34.32586491107941,36.859989166259766,8308055,0.0,0
2021-07-19 00:00:00+08:00,38.05793967233282,39.53234140861183,37.13643990537444,37.18251419067383,15113423,0.0,0
2021-07-20 00:00:00+08:00,36.35316523985914,36.53746588986232,34.5562400540025,35.10913848876953,5184193,0.0,0
2021-07-21 00:00:00+08:00,35.93849062091028,35.98456490583728,32.85146783264708,33.312217712402344,4256217,0.0,0
2021-07-22 00:00:00+08:00,33.7729679204357,34.92484263102023,33.31221803620188,33.81904220581055,2879807,0.0,0
2021-07-23 00:00:00+08:00,34.04941677410341,34.78661587773537,33.77296754964675,33.865116119384766,1996582,0.0,0
2021-07-26 00:00:00+08:00,34.09548897121583,35.89241409301758,34.00334040712031,35.89241409301758,4360426,0.0,0
2021-07-27 00:00:00+08:00,35.89241463444522,36.307090209615104,34.556239343449995,34.64838790893555,3499190,0.0,0
2021-07-28 00:00:00+08:00,34.37194066079407,34.78661625965303,32.068191239624994,33.81904220581055,2931614,0.0,0
2021-07-29 00:00:00+08:00,34.2337159538103,34.46409088347189,33.31221623516391,33.49651336669922,1746156,0.0,0
2021-07-30 00:00:00+08:00,33.81904270752784,34.18764051123758,33.17399215698242,33.17399215698242,1354548,0.0,0
2021-08-02 00:00:00+08:00,33.49651183017355,34.32586294500894,33.173988349538845,33.72688674926758,1165073,0.0,0
2021-08-03 00:00:00+08:00,33.77296454528022,34.37193722577929,33.58866390695654,33.72688674926758,1199493,0.0,0
2021-08-04 00:00:00+08:00,33.72688974953513,34.32586599856007,33.542592610059096,33.865116119384766,1349952,0.0,0
2021-08-05 00:00:00+08:00,34.291391031014314,34.81239209475218,33.865116119384766,33.865116119384766,875209,1.0,0
2021-08-06 00:00:00+08:00,33.9124787833205,34.00720854784869,33.675659792356576,33.770389556884766,792235,0.0,0
2021-08-09 00:00:00+08:00,34.007207818558115,35.380755045836125,34.007207818558115,34.38611602783203,1958568,0.0,0
2021-08-10 00:00:00+08:00,34.29138984932786,34.33875292374988,31.307469184318457,31.82847023010254,3368732,0.0,0
2021-08-11 00:00:00+08:00,31.54428816999949,32.87047593524166,31.26010610989644,31.82847023010254,1431628,0.0,0
2021-08-12 00:00:00+08:00,31.828469815211797,32.396837541580055,31.59165083261775,31.73374366760254,490478,0.0,0
2021-08-13 00:00:00+08:00,31.923199898739576,31.923199898739576,29.27082618283236,29.602373123168945,2410707,0.0,0
2021-08-16 00:00:00+08:00,29.55500947604878,30.312829490599597,28.607733554467544,29.128734588623047,1098659,0.0,0
2021-08-17 00:00:00+08:00,29.128735211157114,29.365554196613676,28.418278254787428,28.51300621032715,800610,0.0,0
2021-08-18 00:00:00+08:00,27.84991246732387,29.83919231644389,27.80254939271037,29.649736404418945,834750,0.0,0
2021-08-19 00:00:00+08:00,29.649735719851744,29.649735719851744,28.418277740478516,28.418277740478516,855736,0.0,0
2021-08-20 00:00:00+08:00,28.465641279259437,28.891916175048102,28.039368190256237,28.134096145629883,622777,0.0,0
2021-08-23 00:00:00+08:00,28.51300565643862,29.697100560719417,28.51300565643862,29.507644653320312,851430,0.0,0
2021-08-24 00:00:00+08:00,29.46028152253357,29.93391948332419,28.98664356174295,29.128734588623047,422743,0.0,0
2021-08-25 00:00:00+08:00,29.176098732952234,30.17073957119398,29.176098732952234,29.697101593017578,695826,0.0,0
2021-08-26 00:00:00+08:00,29.69710041033053,30.1707383696443,29.223462451016758,29.839191436767578,608121,0.0,0
2021-08-27 00:00:00+08:00,29.744463192113894,31.26010500842491,29.697100119360748,30.50228500366211,1288603,0.0,0
2021-08-30 00:00:00+08:00,30.691741056950832,30.786467202916082,29.981282314713503,30.170738220214844,548657,0.0,0
2021-08-31 00:00:00+08:00,30.36019304542947,30.691741791383265,29.839192003011703,30.312829971313477,486016,0.0,0
2021-09-01 00:00:00+08:00,30.21810216592682,31.449561973680517,30.21810216592682,30.691741943359375,991855,0.0,0
2021-09-02 00:00:00+08:00,30.78646862600732,30.881194776351247,30.076011657714844,30.076011657714844,503000,0.0,0
2021-09-03 00:00:00+08:00,30.312830128756584,30.64437526286148,29.981283187866214,29.98128318786621,339986,0.0,0
2021-09-06 00:00:00+08:00,29.93391948332419,29.981282556689077,28.93927868159263,29.128734588623047,535624,0.0,0
2021-09-07 00:00:00+08:00,29.555009630471595,29.555009630471595,28.74982473156342,28.79718780517578,309621,0.0,0
2021-09-08 00:00:00+08:00,28.797188641920084,28.844553523694138,28.181459633141323,28.228822708129883,513879,0.0,0
2021-09-09 00:00:00+08:00,28.27618626012055,29.128734217319153,28.27618626012055,28.70245933532715,381088,0.0,0
2021-09-10 00:00:00+08:00,28.702460872728054,29.128735777552787,28.702460872728054,28.986644744873047,303386,0.0,0
2021-09-13 00:00:00+08:00,28.986643768278167,29.507644806145905,28.939278887790362,29.176097869873047,244776,0.0,0
2021-09-14 00:00:00+08:00,29.176098383862712,29.555010207298587,29.08137223478922,29.27082633972168,167526,0.0,0
2021-09-15 00:00:00+08:00,29.176098852850863,29.176098852850863,28.560369840048313,28.986644744873047,373947,0.0,0
2021-09-16 00:00:00+08:00,29.27082629104469,29.365554246746125,28.702460363621537,28.891916275024414,173069,0.0,0
2021-09-17 00:00:00+08:00,28.891915550522082,29.081371457174104,28.60773349732948,28.74982452392578,290783,0.0,0
2021-09-22 00:00:00+08:00,28.46564029538645,29.034006201198117,28.228821318530372,28.323549270629883,556640,0.0,0
2021-09-23 00:00:00+08:00,29.081372659603957,29.081372659603957,28.51300672293305,28.60773468017578,258465,0.0,0
2021-09-24 00:00:00+08:00,28.702460491690246,30.928561136857596,28.607734342351623,30.739105224609375,1532257,0.0,0
2021-09-27 00:00:00+08:00,30.502285369919534,31.54428743728392,30.36019253638309,30.928560256958008,1230873,0.0,0
2021-09-28 00:00:00+08:00,30.833830659130587,31.544287603412723,30.45492245698931,31.35483169555664,801302,0.0,0
2021-09-29 00:00:00+08:00,30.881194190046124,31.63901783269366,30.83383111577339,31.070650100708008,989474,0.0,0
2021-09-30 00:00:00+08:00,31.26010500629028,34.149295806884766,31.070649101719813,34.149295806884766,7290400,0.0,0
2021-10-01 00:00:00+08:00,34.95448522388775,36.51748842795262,32.396839346652115,32.4442024230957,18088627,0.0,0
2021-10-04 00:00:00+08:00,32.5862923256917,34.29138821880528,32.25474359336051,34.054569244384766,5357024,0.0,0
2021-10-05 00:00:00+08:00,33.817750062048994,34.38611415173556,32.870474170190874,34.007205963134766,3861214,0.0,0
2021-10-06 00:00:00+08:00,33.53357124136298,36.470125343036145,33.53357124136298,34.6702995300293,12257265,0.0,0
2021-10-07 00:00:00+08:00,34.81238970603901,35.85439176201593,34.67029687405542,35.61757278442383,4705164,0.0,0
2021-10-08 00:00:00+08:00,35.807028562033196,36.23330344289911,34.48084446037022,34.8597526550293,3392736,0.0,0
2021-10-12 00:00:00+08:00,35.3807565172313,36.470125343036145,34.29139130499756,34.6702995300293,5654905,0.0,0
2021-10-13 00:00:00+08:00,34.76502699230832,35.23866495238453,32.34947411863379,32.7757453918457,3756783,0.0,0
2021-10-14 00:00:00+08:00,32.7757451767531,32.96520108225444,30.028647194481547,30.170738220214844,5379229,0.0,0
2021-10-15 00:00:00+08:00,30.407556422428637,31.449562131214293,29.93392025619454,31.118013381958008,2881858,0.0,0
2021-10-18 00:00:00+08:00,30.691741581331872,30.691741581331872,30.17073873569434,30.265466690063477,1350392,0.0,0
2021-10-19 00:00:00+08:00,30.45492316302254,30.928561136857596,30.312830325443635,30.739105224609375,952438,0.0,0
2021-10-20 00:00:00+08:00,31.26010513305664,32.30210719206353,31.165378987172684,31.26010513305664,2236242,0.0,0
2021-10-21 00:00:00+08:00,31.449561973680517,31.73374403335458,30.54964910673687,30.691741943359375,1292395,0.0,0
2021-10-22 00:00:00+08:00,31.16538001218461,31.82847028232266,30.881194338044352,31.449562072753906,1544537,0.0,0
2021-10-25 00:00:00+08:00,31.30746978724289,32.01792675796809,31.212743636574604,31.923200607299805,991024,0.0,0
2021-10-26 00:00:00+08:00,31.970563329252084,32.017926404062706,31.496925354003906,31.496925354003906,1090998,0.0,0
2021-10-27 00:00:00+08:00,31.82847002296632,32.06528900710616,31.21274283234529,31.78110694885254,1067552,0.0,0
2021-10-28 00:00:00+08:00,31.923199729947708,32.53892691951144,31.496924836513788,32.11265563964844,1806522,0.0,0
2021-10-29 00:00:00+08:00,32.11265637741395,32.20738252765512,31.44956248501273,31.544288635253906,858623,0.0,0
2021-11-01 00:00:00+08:00,31.82847165148653,33.62829746846671,31.73374549841225,33.202022552490234,3266682,0.0,0
2021-11-02 00:00:00+08:00,33.15465594094427,33.9124759254517,32.20738005691729,32.53892517089844,2342322,0.0,0
2021-11-03 00:00:00+08:00,32.96520038399296,33.95983934984325,32.87047424003418,33.296749114990234,1960616,0.0,0
2021-11-04 00:00:00+08:00,33.39147650114258,33.91247753943914,32.91783853658737,33.5335693359375,1554399,0.0,0
2021-11-05 00:00:00+08:00,33.62829569122152,33.817751600928496,33.01256488806656,33.5809326171875,1205000,0.0,0
2021-11-08 00:00:00+08:00,33.580932510645646,33.95984071528653,32.77574580033831,32.82311248779297,1061900,0.0,0
2021-11-09 00:00:00+08:00,33.344113838911376,34.29138977971243,33.344113838911376,33.6282958984375,1562809,0.0,0
2021-11-10 00:00:00+08:00,33.72302348170072,34.480847157436905,33.72302348170072,33.912479400634766,1461535,0.0,0
2021-11-11 00:00:00+08:00,34.38611676524836,35.333392729104084,33.770389556884766,33.770389556884766,2927482,0.0,0
2021-11-12 00:00:00+08:00,34.24402514663534,34.48084412105585,33.391475393293156,34.054569244384766,1543530,0.0,0
2021-11-15 00:00:00+08:00,35.19130444150065,35.19130444150065,32.2073836303218,32.4915657043457,3727231,0.0,0
2021-11-16 00:00:00+08:00,32.49156326311891,32.87047507572898,31.544287345164598,31.63901710510254,1635555,0.0,0
2021-11-17 00:00:00+08:00,31.923200671653305,31.923200671653305,31.30746985035515,31.591651916503906,788548,0.0,0
2021-11-18 00:00:00+08:00,31.59165041834814,32.16001813726324,31.49692427198105,31.63901710510254,756352,0.0,0
2021-11-19 00:00:00+08:00,31.73374355715729,31.828469704436866,30.92856046456822,30.975923538208008,1422276,0.0,0
2021-11-22 00:00:00+08:00,31.070650045046825,31.449561865691795,30.312830017327816,31.402198791503906,911172,0.0,0
2021-11-23 00:00:00+08:00,30.975923590593105,31.354831793923093,30.59701177369222,30.64437484741211,878543,0.0,0
2021-11-24 00:00:00+08:00,30.502284965884037,30.97592291997053,30.454921893189553,30.881193161010742,493470,0.0,0
2021-11-25 00:00:00+08:00,31.11801260068886,31.402198268222428,30.59701156616211,30.59701156616211,609461,0.0,0
2021-11-26 00:00:00+08:00,30.59701287953666,30.691742643971075,29.602373841186985,29.744464874267578,1127482,0.0,0
2021-11-29 00:00:00+08:00,28.89191515744503,29.555009014920227,28.560368228707432,29.41291618347168,716620,0.0,0
2021-11-30 00:00:00+08:00,29.791828155517578,30.123373279293734,29.744463275845686,29.791828155517578,460197,0.0,0
2021-12-01 00:00:00+08:00,29.649736197451826,29.697101078520177,29.081372078915358,29.602373123168945,660822,0.0,0
2021-12-02 00:00:00+08:00,29.412917531380607,29.649736518933707,28.93927955627441,28.939279556274414,825194,0.0,0
2021-12-03 00:00:00+08:00,29.318190038219857,30.028646968320963,29.17609720677131,29.41291618347168,565780,0.0,0
2021-12-06 00:00:00+08:00,29.270825824063216,29.36555377825338,28.844552740385645,29.176097869873047,350650,0.0,0
2021-12-07 00:00:00+08:00,29.60237245711069,30.218101442861506,29.60237245711069,29.839191436767578,536591,0.0,0
2021-12-08 00:00:00+08:00,30.92856098654588,30.92856098654588,30.07601119235775,30.360193252563477,768153,0.0,0
2021-12-09 00:00:00+08:00,30.833831724310787,31.496925617928753,30.691742498688303,31.165380477905273,1124750,0.0,0
2021-12-10 00:00:00+08:00,31.260105251788648,32.39683707456786,30.69174114718447,32.01792526245117,1945894,0.0,0
2021-12-13 00:00:00+08:00,32.39683780373329,32.39683780373329,31.070650045046825,31.402198791503906,1285372,0.0,0
2021-12-14 00:00:00+08:00,31.40219814793136,31.40219814793136,29.839191436767575,29.839191436767578,1431088,0.0,0
2021-12-15 00:00:00+08:00,30.02864878797288,30.50228677007475,29.886555947913905,30.123374938964844,329661,0.0,0
2021-12-16 00:00:00+08:00,30.312830439117374,30.454923277229128,29.933920419985505,30.028648376464844,562805,0.0,0
2021-12-17 00:00:00+08:00,30.07601186346886,30.78646883662167,30.07601186346886,30.123374938964844,762084,0.0,0
2021-12-20 00:00:00+08:00,30.833831433806765,31.59165147069984,30.407556533813477,30.407556533813477,1198608,0.0,0
2021-12-21 00:00:00+08:00,30.502286646410646,31.16538054137912,30.360193806927754,30.833831787109375,634214,0.0,0
2021-12-22 00:00:00+08:00,31.307469767290996,31.354832842594956,30.833831787109375,30.833831787109375,353050,0.0,0
2021-12-23 00:00:00+08:00,30.833831787109375,31.023287701896226,30.597012797018564,30.833831787109375,419289,0.0,0
2021-12-24 00:00:00+08:00,30.928560928682913,31.165379914006454,30.69174194335937,30.691741943359375,253431,0.0,0
2021-12-27 00:00:00+08:00,31.023286611847798,31.16537944633805,30.597011721947926,30.975923538208008,519929,0.0,0
2021-12-28 00:00:00+08:00,31.165379499043546,31.496924628653648,30.59701177369222,30.64437484741211,603695,0.0,0
2021-12-29 00:00:00+08:00,30.833830088316255,31.118012138053984,30.502284965884037,30.881193161010742,370153,0.0,0
2021-12-30 00:00:00+08:00,31.070650307370244,31.54428828038982,30.928561083606947,31.118013381958008,604958,0.0,0
2022-01-03 00:00:00+08:00,31.354832159915365,31.591651144849987,31.023287026435273,31.070650100708008,384000,0.0,0
2022-01-04 00:00:00+08:00,31.02328763871178,31.496925617928753,31.02328763871178,31.165380477905273,566284,0.0,0
2022-01-05 00:00:00+08:00,31.16537935077072,31.923199367396176,31.16537935077072,31.68638038635254,1233383,0.0,0
2022-01-06 00:00:00+08:00,31.639018484037393,32.39683852871502,31.30746973016086,32.30210876464844,1767182,0.0,0
2022-01-07 00:00:00+08:00,34.67029866274792,35.2386664064344,32.20738261415286,32.30210876464844,5744687,0.0,0
2022-01-10 00:00:00+08:00,32.77574518358821,33.10729392167741,32.396836986077346,32.7283821105957,2325313,0.0,0
2022-01-11 00:00:00+08:00,32.72838364117868,32.77574671638618,31.165380477905273,31.165380477905273,2220514,0.0,0
2022-01-12 00:00:00+08:00,31.40219932140496,31.54428854636633,30.786468505859375,30.786468505859375,741426,0.0,0
2022-01-13 00:00:00+08:00,30.78646793961525,30.881194087847234,30.312829971313477,30.312829971313477,990000,0.0,0
2022-01-14 00:00:00+08:00,30.312830528846156,31.165380332898348,29.839192551832934,30.786468505859375,975075,0.0,0
2022-01-17 00:00:00+08:00,30.78646804150065,31.118013174980746,30.454922908020556,31.070650100708008,472493,0.0,0
2022-01-18 00:00:00+08:00,30.881194799518283,31.591651768343745,30.881194799518283,31.165380477905273,680090,0.0,0
2022-01-19 00:00:00+08:00,30.928560166636803,32.112655064079696,30.928560166636803,31.63901710510254,1582526,0.0,0
2022-01-20 00:00:00+08:00,31.639018399066078,31.828470699548426,31.402199409892145,31.544288635253906,519706,0.0,0
2022-01-21 00:00:00+08:00,31.35483227006899,31.35483227006899,30.312830178124347,30.360193252563477,1114900,0.0,0
2022-01-24 00:00:00+08:00,30.123374217737666,30.123374217737666,29.318191112870945,29.98128318786621,593252,0.0,0
2022-01-25 00:00:00+08:00,29.55500947604878,29.79182845644409,29.081371515258162,29.128734588623047,859100,0.0,0
2022-01-26 00:00:00+08:00,29.128735103282775,29.602373072441846,28.986644073892148,29.22346305847168,422746,0.0,0
2022-02-07 00:00:00+08:00,29.50764441616267,30.69174111771213,29.50764441616267,30.54964828491211,580615,0.0,0
2022-02-08 00:00:00+08:00,30.549648852748724,31.023286819458008,30.360192943350828,31.023286819458008,351922,0.0,0
2022-02-09 00:00:00+08:00,31.11801399454394,31.354832985715724,30.92856169246334,31.212743759155273,518121,0.0,0
2022-02-10 00:00:00+08:00,31.21274251997784,31.307468667257417,30.881193777357545,30.975923538208008,291500,0.0,0
2022-02-11 00:00:00+08:00,29.886555947913905,30.597012921066714,29.886555947913905,30.123374938964844,627716,0.0,0
2022-02-14 00:00:00+08:00,29.839191377410508,29.839191377410508,29.318190345915923,29.460281372070312,457908,0.0,0
2022-02-15 00:00:00+08:00,29.69710175748708,29.791829715004088,29.176098894536302,29.365554809570312,407836,0.0,0
2022-02-16 00:00:00+08:00,29.744464360431415,30.691742113770673,29.64973640441894,29.649736404418945,479736,0.0,0
2022-02-17 00:00:00+08:00,29.88655570021684,30.0760116142016,29.555010560921758,29.697101593017578,280194,0.0,0
2022-02-18 00:00:00+08:00,29.64973532328732,29.933919180962416,29.460281224956002,29.791828155517578,187194,0.0,0
2022-02-21 00:00:00+08:00,29.791829241830396,29.83919231644389,29.365554343167002,29.649736404418945,454612,0.0,0
2022-02-22 00:00:00+08:00,29.50764459589846,29.55500947604878,29.081371515258162,29.128734588623047,589001,0.0,0
2022-02-23 00:00:00+08:00,29.128734645307546,29.602372607019863,29.128734645307546,29.507644653320312,191800,0.0,0
2022-02-24 00:00:00+08:00,29.223462169626867,29.36555319469573,28.702459335327145,28.70245933532715,559995,0.0,0
2022-02-25 00:00:00+08:00,28.891916787491382,29.128735777552787,28.702460872728054,28.986644744873047,246100,0.0,0
2022-03-01 00:00:00+08:00,28.98664310948226,29.64973516017205,28.98664310948226,29.41291618347168,226608,0.0,0
2022-03-02 00:00:00+08:00,29.4129164921619,29.791828304287517,29.223462392884517,29.460281372070312,211126,0.0,0
2022-03-03 00:00:00+08:00,29.50764551922122,30.26546736427045,29.41291756274188,30.028648376464844,614485,0.0,0
2022-03-04 00:00:00+08:00,30.123373956475287,30.123373956475287,29.412917006494403,29.555009841918945,445356,0.0,0
2022-03-07 00:00:00+08:00,29.034007097033584,29.839192004545065,28.70246015784821,28.844552993774414,442920,0.0,0
2022-03-08 00:00:00+08:00,28.51300688781203,28.891916912188545,28.276187896728516,28.276187896728516,493946,0.0,0
2022-03-09 00:00:00+08:00,28.370914722308235,28.986643713196095,28.370914722308235,28.79718780517578,362391,0.0,0
2022-03-10 00:00:00+08:00,29.176099059810706,29.41291805155198,28.986644950489,29.034008026123047,440099,0.0,0
2022-03-11 00:00:00+08:00,29.176097814430964,29.176097814430964,28.74982473156342,28.79718780517578,205388,0.0,0
2022-03-14 00:00:00+08:00,28.844552993774418,28.891916067892844,28.513006054589045,28.844552993774414,394846,0.0,0
2022-03-15 00:00:00+08:00,29.12873468399048,29.12873468399048,28.370914666958562,28.418277740478516,402110,0.0,0
2022-03-16 00:00:00+08:00,28.465641377760683,29.03400730518383,28.465641377760683,28.891916275024414,379110,0.0,0
2022-03-17 00:00:00+08:00,29.128735103282775,29.41291716206403,28.939279192904962,29.22346305847168,287353,0.0,0
2022-03-18 00:00:00+08:00,29.460282560205243,29.460282560205243,28.986644582731802,29.318191528320312,286058,0.0,0
2022-03-21 00:00:00+08:00,29.365553626163706,29.839191587876023,29.365553626163706,29.507644653320312,390713,0.0,0
2022-03-22 00:00:00+08:00,29.791828304287517,29.791828304287517,29.223462392884517,29.460281372070312,293431,0.0,0
2022-03-23 00:00:00+08:00,29.602373799970074,29.602373799970074,29.318191734204564,29.365554809570312,296300,0.0,0
2022-03-24 00:00:00+08:00,29.507644357745562,30.644374370397365,29.318190259029638,30.170738220214844,1131040,0.0,0
2022-03-25 00:00:00+08:00,30.21810285572657,30.21810285572657,29.744464874267578,29.744464874267578,469195,0.0,0
2022-03-28 00:00:00+08:00,29.176098894536302,29.50764584245307,29.081372743804806,29.365554809570312,244254,0.0,0
2022-03-29 00:00:00+08:00,29.649736146643566,29.649736146643566,29.176098177484498,29.22346305847168,282556,0.0,0
2022-03-30 00:00:00+08:00,29.36555377825338,29.55500968663371,29.034006841980528,29.176097869873047,417832,0.0,0
2022-03-31 00:00:00+08:00,29.36555356901836,30.0286474368394,29.081371515258162,29.128734588623047,668662,0.0,0
2022-04-01 00:00:00+08:00,29.12873598417666,29.176099059810706,28.891916992435387,29.034008026123047,207042,0.0,0
2022-04-06 00:00:00+08:00,29.03400730518383,29.03400730518383,28.702460363621537,28.891916275024414,260693,0.0,0
2022-04-07 00:00:00+08:00,28.84455262929987,28.891915702819826,28.418277740478516,28.418277740478516,505413,0.0,0
2022-04-08 00:00:00+08:00,28.51300554400347,28.79718759719607,28.46564066394775,28.74982452392578,139529,0.0,0
2022-04-11 00:00:00+08:00,28.79718753814328,28.79718753814328,28.32354957926992,28.370914459228516,426552,0.0,0
2022-04-12 00:00:00+08:00,28.370914459228512,28.418277532401678,28.228821626138163,28.370914459228516,284643,0.0,0
2022-04-13 00:00:00+08:00,28.418277740478516,28.513005694303867,28.323549786653167,28.418277740478516,178012,0.0,0
2022-04-14 00:00:00+08:00,28.513005694303867,28.797187748994475,28.370914666958562,28.418277740478516,344430,0.0,0
2022-04-15 00:00:00+08:00,28.41827850637179,29.270826500205846,28.323550549993453,28.939279556274414,814561,0.0,0
2022-04-18 00:00:00+08:00,29.27082638715453,30.45492312713223,29.27082638715453,29.649736404418945,1892699,0.0,0
2022-04-19 00:00:00+08:00,29.649736197451826,29.839192108154293,29.27082618283236,29.602373123168945,343662,0.0,0
2022-04-20 00:00:00+08:00,30.028647168711004,32.20738104617957,29.697100237760893,31.26010513305664,4565406,0.0,0
2022-04-21 00:00:00+08:00,31.733743610823975,32.01792566671419,30.64437484741211,30.64437484741211,1704685,0.0,0
2022-04-22 00:00:00+08:00,30.786467202916082,30.975923108417426,30.028647194481547,30.170738220214844,894592,0.0,0
2022-04-25 00:00:00+08:00,29.36555356901836,29.55500947604878,28.89191560822774,29.128734588623047,747174,0.0,0
2022-04-26 00:00:00+08:00,29.55500932440526,32.01792526245117,29.50764444449796,32.01792526245117,3835462,0.0,0
2022-04-27 00:00:00+08:00,30.881194131237862,33.012564991590594,30.881194131237862,32.87047576904297,16954506,0.0,0
2022-04-28 00:00:00+08:00,33.1072937107035,33.15465678339419,32.06528804365434,32.6810188293457,10060497,0.0,0
2022-04-29 00:00:00+08:00,32.6810192452588,33.344113112079675,32.207381285182585,32.7757453918457,8569097,0.0,0
2022-05-03 00:00:00+08:00,32.91783879543796,33.202020853691586,31.68638080062497,31.78110694885254,4324894,0.0,0
2022-05-04 00:00:00+08:00,31.402197880297038,32.302107104466785,31.402197880297038,31.970561981201172,2375443,0.0,0
2022-05-05 00:00:00+08:00,32.160018558986,32.538926762993945,31.73374366760254,31.73374366760254,2370331,0.0,0
2022-05-06 00:00:00+08:00,30.786468771098008,31.307469827587,30.407556940794546,30.454923629760742,1424134,0.0,0
2022-05-09 00:00:00+08:00,29.365553879458357,29.886554919121664,28.418277947862926,28.465641021728516,2586902,0.0,0
2022-05-10 00:00:00+08:00,28.13409694157752,29.034008026123047,28.039368983523907,29.034008026123047,1112116,0.0,0
2022-05-11 00:00:00+08:00,28.797188270160834,29.08137213677999,28.51300621032715,28.51300621032715,859390,0.0,0
2022-05-12 00:00:00+08:00,28.418278621655116,28.797188641920084,28.181459633141323,28.228822708129883,864450,0.0,0
2022-05-13 00:00:00+08:00,28.370914150072345,28.70245927224253,28.134095173216267,28.323549270629883,1210197,0.0,0
2022-05-16 00:00:00+08:00,28.465640443356843,28.56036839594877,27.992002487182617,27.992002487182617,843433,0.0,0
2022-05-17 00:00:00+08:00,27.849911254046948,28.181458182254076,27.755183302161285,27.944639205932617,1030146,0.0,0
2022-05-18 00:00:00+08:00,28.03936844251311,28.65509744780302,28.03936844251311,28.56036949157715,919970,0.0,0
2022-05-19 00:00:00+08:00,27.992002341674294,28.418277222729397,27.94463926901724,28.323549270629883,515658,0.0,0
2022-05-20 00:00:00+08:00,28.513005694303867,28.891915702819826,28.418277740478516,28.418277740478516,598406,0.0,0
2022-05-23 00:00:00+08:00,28.370914666958562,28.74982467547452,28.370914666958562,28.418277740478516,474162,0.0,0
2022-05-24 00:00:00+08:00,28.418277222729397,28.749824151684987,28.323549270629883,28.323549270629883,745075,0.0,0
2022-05-25 00:00:00+08:00,28.276187224870586,28.60773416586687,28.276187224870586,28.51300621032715,393861,0.0,0
2022-05-26 00:00:00+08:00,28.465640813998473,28.65509672164917,28.27618671313321,28.418277740478516,331008,0.0,0
2022-05-27 00:00:00+08:00,28.51300672293305,28.749825712647134,28.51300672293305,28.60773468017578,322303,0.0,0
2022-05-30 00:00:00+08:00,28.51300580411279,29.223462750360856,28.51300580411279,29.176097869873047,735372,0.0,0
2022-05-31 00:00:00+08:00,28.89191611870324,29.41291716206403,28.89191611870324,29.22346305847168,483150,0.0,0
2022-06-01 00:00:00+08:00,29.1287341341454,29.88655413687242,29.1287341341454,29.41291618347168,883321,0.0,0
2022-06-02 00:00:00+08:00,29.31819190028389,29.649737043293253,29.034008026123047,29.034008026123047,504481,0.0,0
2022-06-06 00:00:00+08:00,29.034007861653546,29.602373799970074,29.034007861653546,29.365554809570312,527388,0.0,0
2022-06-07 00:00:00+08:00,29.365554295580647,29.6971012376943,29.27082633972168,29.27082633972168,281413,0.0,0
2022-06-08 00:00:00+08:00,29.886555865735584,29.886555865735584,29.365554809570312,29.365554809570312,401469,0.0,0
2022-06-09 00:00:00+08:00,29.365553984273188,30.2654668452151,29.365553984273188,29.93391990661621,846366,0.0,0
2022-06-10 00:00:00+08:00,29.839191436767575,30.12337348964167,29.69710041033053,29.839191436767578,370300,0.0,0
2022-06-13 00:00:00+08:00,29.223462333237425,29.3655533591018,29.081371307373047,29.081371307373047,407237,0.0,0
2022-06-14 00:00:00+08:00,28.891916992435387,29.176099059810706,28.655098000694114,29.034008026123047,499326,0.0,0
2022-06-15 00:00:00+08:00,29.318191221043904,29.839192268090013,29.223463265184936,29.27082633972168,679269,0.0,0
2022-06-16 00:00:00+08:00,29.744463197141172,29.744463197141172,28.655096262565994,28.70245933532715,365533,0.0,0
2022-06-17 00:00:00+08:00,28.702459795169126,28.891915702819826,28.370914666958562,28.418277740478516,631098,0.0,0
2022-06-20 00:00:00+08:00,28.513006369729684,28.7024604750828,28.134096352237975,28.181459426879883,537200,0.0,0
2022-06-21 00:00:00+08:00,28.41827759067746,28.844552477251792,28.228821684025437,28.74982452392578,286504,0.0,0
2022-06-22 00:00:00+08:00,28.891916175048102,29.12873516008948,28.134096145629883,28.134096145629883,460579,0.0,0
2022-06-23 00:00:00+08:00,28.37091513067126,28.702460264300814,27.992003309176678,28.134096145629883,346415,0.0,0
2022-06-24 00:00:00+08:00,28.797187448858875,29.3655533591018,28.513005397130122,29.081371307373047,755122,0.0,0
2022-06-27 00:00:00+08:00,29.270826132673402,29.270826132673402,28.89191611870324,29.22346305847168,488495,0.0,0
2022-06-28 00:00:00+08:00,29.839191064246506,30.12337311357279,29.41291618347168,29.41291618347168,887264,0.0,0
2022-06-29 00:00:00+08:00,29.412917678386602,29.886555655860043,29.270826646501668,29.318191528320312,530000,0.0,0
2022-06-30 00:00:00+08:00,30.218101442861506,30.644374522172644,29.744463483547737,29.839191436767578,3447831,0.0,0
2022-07-01 00:00:00+08:00,29.933920290412704,30.170739277193206,28.134096352237975,28.181459426879883,1914328,0.0,0
2022-07-04 00:00:00+08:00,28.18145954197851,28.418278529726226,27.47100257873535,27.47100257873535,936036,0.0,0
2022-07-05 00:00:00+08:00,27.89727700926644,28.228822141097606,27.518365189827175,27.755184173583984,600163,0.0,0
2022-07-06 00:00:00+08:00,27.897277432380456,27.897277432380456,27.04472763249707,27.092092514038086,581838,0.0,0
2022-07-07 00:00:00+08:00,27.186820516152284,27.565730535191538,26.381635596452945,27.47100257873535,552275,0.0,0
2022-07-08 00:00:00+08:00,27.707821611908138,28.134096513267075,27.61309365529665,27.849912643432617,583388,0.0,0
2022-07-11 00:00:00+08:00,28.039367304812863,28.039367304812863,27.37627344492238,27.61309242248535,261038,0.0,0
2022-07-12 00:00:00+08:00,27.328910330978406,27.37627340370553,25.860631588227335,26.14481544494629,950940,0.0,0
2022-07-13 00:00:00+08:00,26.71318244934082,26.950001436279,26.61845449320845,26.71318244934082,562000,0.0,0
2022-07-14 00:00:00+08:00,26.571088643353654,26.997363527020784,26.239543519151912,26.90263557434082,362001,0.0,0
2022-07-15 00:00:00+08:00,27.139455229163136,27.139455229163136,26.47636315744509,26.665817260742188,188031,0.0,0
2022-07-18 00:00:00+08:00,26.71318178191814,27.04472690991963,26.665816901642618,26.950000762939453,346000,0.0,0
2022-07-19 00:00:00+08:00,26.80790768136878,27.47100154481998,26.80790768136878,27.281545639038086,263001,0.0,0
2022-07-20 00:00:00+08:00,27.51836560719429,27.660458445031846,27.092092514038086,27.092092514038086,449409,0.0,0
2022-07-21 00:00:00+08:00,27.18681934694325,27.70782037486762,27.18681934694325,27.61309242248535,221388,0.0,0
2022-07-22 00:00:00+08:00,27.660459006804412,27.849913116459742,27.51836616608101,27.565731048583984,235000,0.0,0
2022-07-25 00:00:00+08:00,27.565730375804208,27.89727731809108,27.51836549445724,27.802549362182617,239110,0.0,0
2022-07-26 00:00:00+08:00,27.849911864245026,27.89727674461834,27.186819800087672,27.32891082763672,307940,0.0,0
2022-07-27 00:00:00+08:00,27.376274827627995,27.56573074196147,27.139455838103903,27.51836585998535,221026,0.0,0
2022-07-28 00:00:00+08:00,27.613093092193324,27.660457972925922,27.32891103493958,27.37627410888672,141100,0.0,0
2022-07-29 00:00:00+08:00,27.66045730206919,27.75518344766605,27.47100139730465,27.61309242248535,203166,0.0,0
2022-08-01 00:00:00+08:00,27.471002115789997,27.755184173583988,27.471002115789997,27.755184173583984,271085,0.0,0
2022-08-02 00:00:00+08:00,27.51836513751359,27.565730018246185,27.32891103493958,27.37627410888672,346861,0.0,0
2022-08-03 00:00:00+08:00,27.471001798472162,27.613092825727865,26.950000762939453,26.950000762939453,673174,0.0,0
2022-08-04 00:00:00+08:00,27.100000381469727,27.200000762939453,26.5,26.700000762939453,420319,1.5,0
2022-08-05 00:00:00+08:00,26.899999618530273,27.450000762939453,26.899999618530273,27.450000762939453,163182,0.0,0
2022-08-08 00:00:00+08:00,27.299999237060547,27.299999237060547,26.75,27.100000381469727,221659,0.0,0
2022-08-09 00:00:00+08:00,27.100000381469727,27.450000762939453,27.0,27.25,110245,0.0,0
2022-08-10 00:00:00+08:00,27.0,27.399999618530273,27.0,27.350000381469727,123435,0.0,0
2022-08-11 00:00:00+08:00,27.600000381469727,27.649999618530273,27.399999618530273,27.399999618530273,141147,0.0,0
2022-08-12 00:00:00+08:00,27.799999237060547,27.799999237060547,27.399999618530273,27.700000762939453,168335,0.0,0
2022-08-15 00:00:00+08:00,27.700000762939453,28.149999618530273,27.700000762939453,28.049999237060547,426820,0.0,0
2022-08-16 00:00:00+08:00,28.200000762939453,28.350000381469727,28.149999618530273,28.299999237060547,171180,0.0,0
2022-08-17 00:00:00+08:00,28.100000381469727,28.450000762939453,28.100000381469727,28.399999618530273,298530,0.0,0
2022-08-18 00:00:00+08:00,28.350000381469727,28.399999618530273,28.100000381469727,28.350000381469727,278070,0.0,0
2022-08-19 00:00:00+08:00,28.149999618530273,28.75,28.149999618530273,28.700000762939453,263117,0.0,0
2022-08-22 00:00:00+08:00,28.5,28.899999618530273,28.5,28.600000381469727,71000,0.0,0
2022-08-23 00:00:00+08:00,28.600000381469727,28.600000381469727,28.100000381469727,28.100000381469727,245194,0.0,0
2022-08-24 00:00:00+08:00,28.200000762939453,28.299999237060547,27.950000762939453,28.0,261940,0.0,0
2022-08-25 00:00:00+08:00,28.100000381469727,28.799999237060547,28.100000381469727,28.75,285128,0.0,0
2022-08-26 00:00:00+08:00,28.950000762939453,28.950000762939453,28.700000762939453,28.799999237060547,267772,0.0,0
2022-08-29 00:00:00+08:00,28.100000381469727,28.350000381469727,27.850000381469727,28.149999618530273,169496,0.0,0
2022-08-30 00:00:00+08:00,28.100000381469727,28.549999237060547,28.100000381469727,28.5,146639,0.0,0
2022-08-31 00:00:00+08:00,28.5,28.799999237060547,28.5,28.75,134631,0.0,0
2022-09-01 00:00:00+08:00,28.549999237060547,28.850000381469727,28.25,28.299999237060547,195725,0.0,0
2022-09-02 00:00:00+08:00,28.299999237060547,28.549999237060547,28.299999237060547,28.350000381469727,90527,0.0,0
2022-09-05 00:00:00+08:00,28.25,28.299999237060547,28.0,28.049999237060547,175330,0.0,0
2022-09-06 00:00:00+08:00,28.100000381469727,28.200000762939453,27.75,27.75,273529,0.0,0
2022-09-07 00:00:00+08:00,27.549999237060547,27.899999618530273,27.450000762939453,27.5,145203,0.0,0
2022-09-08 00:00:00+08:00,27.649999618530273,27.899999618530273,27.600000381469727,27.799999237060547,216668,0.0,0
2022-09-12 00:00:00+08:00,27.950000762939453,28.25,27.899999618530273,28.049999237060547,127128,0.0,0
2022-09-13 00:00:00+08:00,28.049999237060547,28.200000762939453,28.049999237060547,28.149999618530273,94748,0.0,0
2022-09-14 00:00:00+08:00,27.649999618530273,28.399999618530273,27.649999618530273,28.350000381469727,150053,0.0,0
2022-09-15 00:00:00+08:00,28.350000381469727,28.450000762939453,28.25,28.350000381469727,225038,0.0,0
2022-09-16 00:00:00+08:00,28.0,28.25,28.0,28.200000762939453,176915,0.0,0
2022-09-19 00:00:00+08:00,28.200000762939453,28.200000762939453,27.799999237060547,27.899999618530273,133224,0.0,0
2022-09-20 00:00:00+08:00,28.399999618530273,28.399999618530273,27.350000381469727,27.700000762939453,235471,0.0,0
2022-09-21 00:00:00+08:00,27.700000762939453,27.950000762939453,27.5,27.5,111050,0.0,0
2022-09-22 00:00:00+08:00,27.25,27.5,26.850000381469727,27.399999618530273,150000,0.0,0
2022-09-23 00:00:00+08:00,27.700000762939453,27.899999618530273,26.899999618530273,27.0,268709,0.0,0
2022-09-26 00:00:00+08:00,27.0,27.0,24.899999618530273,25.200000762939453,543142,0.0,0
2022-09-27 00:00:00+08:00,25.200000762939453,25.350000381469727,24.5,25.200000762939453,248213,0.0,0
2022-09-28 00:00:00+08:00,25.700000762939453,25.700000762939453,23.799999237060547,23.799999237060547,434000,0.0,0
2022-09-29 00:00:00+08:00,24.700000762939453,24.700000762939453,24.100000381469727,24.25,170000,0.0,0
2022-09-30 00:00:00+08:00,24.25,24.649999618530273,23.649999618530273,24.649999618530273,216000,0.0,0
2022-10-03 00:00:00+08:00,24.649999618530273,24.700000762939453,24.350000381469727,24.5,98000,0.0,0
2022-10-04 00:00:00+08:00,25.049999237060547,25.100000381469727,24.850000381469727,24.850000381469727,67040,0.0,0
2022-10-05 00:00:00+08:00,25.350000381469727,25.399999618530273,25.100000381469727,25.299999237060547,92300,0.0,0
2022-10-06 00:00:00+08:00,25.399999618530273,25.399999618530273,25.049999237060547,25.049999237060547,51000,0.0,0
2022-10-07 00:00:00+08:00,25.049999237060547,25.5,25.049999237060547,25.200000762939453,168001,0.0,0
2022-10-11 00:00:00+08:00,24.899999618530273,24.899999618530273,23.399999618530273,23.549999237060547,705356,0.0,0
2022-10-12 00:00:00+08:00,23.649999618530273,23.950000762939453,23.149999618530273,23.799999237060547,152041,0.0,0
2022-10-13 00:00:00+08:00,23.799999237060547,23.850000381469727,22.100000381469727,22.399999618530273,590354,0.0,0
2022-10-14 00:00:00+08:00,22.5,23.5,22.5,23.25,157587,0.0,0
2022-10-17 00:00:00+08:00,22.600000381469727,23.200000762939453,22.5,23.149999618530273,117051,0.0,0
2022-10-18 00:00:00+08:00,23.600000381469727,23.600000381469727,23.149999618530273,23.450000762939453,112100,0.0,0
2022-10-19 00:00:00+08:00,23.5,23.899999618530273,23.5,23.549999237060547,132210,0.0,0
2022-10-20 00:00:00+08:00,23.850000381469727,23.850000381469727,23.0,23.100000381469727,99009,0.0,0
2022-10-21 00:00:00+08:00,23.149999618530273,23.149999618530273,22.850000381469727,22.850000381469727,64048,0.0,0
2022-10-24 00:00:00+08:00,23.299999237060547,23.799999237060547,23.299999237060547,23.5,133000,0.0,0
2022-10-25 00:00:00+08:00,23.649999618530273,23.850000381469727,23.049999237060547,23.450000762939453,118000,0.0,0
2022-10-26 00:00:00+08:00,23.700000762939453,23.700000762939453,23.100000381469727,23.100000381469727,54100,0.0,0
2022-10-27 00:00:00+08:00,23.100000381469727,23.700000762939453,23.100000381469727,23.649999618530273,123070,0.0,0
2022-10-28 00:00:00+08:00,23.5,23.850000381469727,23.200000762939453,23.200000762939453,70100,0.0,0
2022-10-31 00:00:00+08:00,23.25,23.75,23.25,23.299999237060547,18495,0.0,0
2022-11-01 00:00:00+08:00,23.299999237060547,23.600000381469727,23.299999237060547,23.549999237060547,71000,0.0,0
2022-11-02 00:00:00+08:00,23.649999618530273,24.149999618530273,23.649999618530273,23.950000762939453,130582,0.0,0
2022-11-03 00:00:00+08:00,23.799999237060547,24.200000762939453,23.799999237060547,23.950000762939453,74470,0.0,0
2022-11-04 00:00:00+08:00,23.950000762939453,24.350000381469727,23.950000762939453,24.049999237060547,159000,0.0,0
2022-11-07 00:00:00+08:00,24.25,24.450000762939453,24.149999618530273,24.399999618530273,75465,0.0,0
2022-11-08 00:00:00+08:00,24.399999618530273,24.600000381469727,24.049999237060547,24.049999237060547,108149,0.0,0
2022-11-09 00:00:00+08:00,24.149999618530273,24.350000381469727,24.100000381469727,24.299999237060547,87945,0.0,0
2022-11-10 00:00:00+08:00,24.0,24.299999237060547,24.0,24.299999237060547,52088,0.0,0
